
========== Variant atr_0.5_3 ==========

Rolling 0:
  Daily Returns (TEST): [0, 0, 0, 0, 0, -0.003734972416312117, 0.004805163404521109, 0, 0, 0, 0, 0, 0, 0, 0, 0, 0, 0.0015508858128785833, -0.0019234019497388908, 0, 0.0014012519934191636, 0.0001359833712253564, 0, 0, 0, 0, 0, 0, 0, 0, 0, 0, 0, 0, 0, 0, 0, 0, 0, 0, 0.00826501566339256, 0, 0, 0, 0, 0.005597834770006845, 0.0013136343410051102, -0.004874606131233645, 0, 0, 0, 0, 0, 0, 0, 0, 0, 0, 0, 0.00018671497007197396, 0.0003504606258960274, 0, 0, 0, 0, 0, 0, 0, 0, 0, 0, 0, 0, 0, 0, 0, 0, 0, 0, 0, 0, 0, 0, 0, -0.0013538520549346387, 0, 0.0020267043369536887, 0, 0, 0.00649123864386263, 0.0038883291787882505, 0, 0, 0, 0.0028066780243447362, 0, -0.004150829916985254, 0, 0, -3.3784347000020935e-05, 0, 0, 0, 0, 0, 0, 0, 0, -0.0024537555369009848, 0, 0, 0, 0, 0, -0.0020141651061953616, 0, -0.0037711911767480933, 0.0023472650840106303, 0, 0, 0.008378142736700489, 0, 0, 0, 0, 0.0035298668324824697, 0, 0, 0, 0, 0, 0, 0, 0, 0, 0, 0, 0, 0, 0, 0, 0, 0, 0, 0, 0, 0, 0, 0, -0.00045937613187632686, 0, 0, 0, 0, 0, 0.012025461257010287, 0, 0, 0, 0, 0, 0, 0.014041324156653826, 0, 0, 0, -0.003262214691343749, 0, 0.0002985331363161851, 0, 0, 0, 0, -0.005438484090428918, 0, 0, 0, 0, 0, 0, 0, 0, 0, 0, 0, 0, 0, 0, 0, 0, -0.004480322943835932, 0, 0, 0, 0, 0, -0.0009524037832335799, 0, 0, 0, 0, 0, -0.003580803445149665, -0.003340055294651391, 0, 0, 0, 0, 0, 0, 0, 0, 0, 0, 0, 0, -0.0022629568127769226, 0, 0, 0.0016019644467951042, 0, -0.000692317681856102, 0, 0, 0, -0.005252111317298476, 0, 0, 0, 0, -0.0032686894703286124, 0, 0, 0, 0, 0, 0, 0, -0.002158384533694571, 0, 0.0037543088455897337, 0, -0.0036922946614127666, 0, 0, 0, 0.0017938083844481695, 0, 0, 0, 0, 0, -0.004295232204775417, 0, -0.0036575369240694176, 0, 0, 0, 0, 0, 0, -0.004399284107415298, 0, 0.006612790385809087, 0.005674942528656959, 0, 0, 0, 0, 0, 0, 0, 0, 0, -0.005229522801759128, 0.0013115212837037516, 0, 0, -0.0016974344692033336, -0.004886205606955591, 0, 0, -0.005578342875599211, 0, 0, 0, 0, 0, 0, 0, 0, 0, 0, 0, 0, -0.0015039553276906818, 0, 0, 0, 0, 0, 0, -0.007343277789002177, 0, 0, 0, -0.0032432715933761605, 0, 0.00857208510656417, 0, -0.004663832408412407, 0, 0, 0, 0.0006396247695522956, 0, 0, 0, 0.0026061054985722035, 0, -0.004709407906045002, 0, 0, 0, 0.004109399937760091, 0, 0, 0, -0.00401470552296782, 0.0030859361650308332, 0, 0, 0.001946122876534132, 0, 0, 0, 0, 0, 0, 0, 0, -0.00597250318636475, 0, 0, 0, 0, 0, 0, 0, 0, 0, 0, 0.004427924722592295, 0, -0.004174650844993811, 0, 0, 0, 0, -0.0027675442374838293, 0, 0, 0, 0, 0, 0, 0, 0, 0, 0, 0, 0, 0, 0, 0, 0, 0.0005869969583571719, 0, 0, 0, 0, -0.0022099491276047854, 0, 0, -0.007407852485213098, 0, 0, 0, 0, 0, 0, 0, 0, 0, 0, 0.015399497471717835, 0, 0, 0, 0, 0, -0.004718141773077155, 0, 0, 0, 0, 0, 0, 0, 0, 0.001592449975227522, 0, 0, -0.0039904015216674985, 0, 0, 0.0004651151666371067, 0, 0, 0, 0, 0, 0, -0.005344360095865044, 0, 0, 0, 0, 0, 0.0006538149672195222, 0, 0, 0.007465217307557998, 0, 0, 0, 0, 0, 0, 0, 0, 0.007424071091068526, 0, 0, 0, 0, 0, 0, 0, 0, 0, 0, 0, 0, 0, 0, 0, 0, 0, 0, 0, 0, 0.0016361837157472584, 0, 0, 0, 0, 0, 0, 0, 0, 0, -0.0019131656694989679, -0.0010636407393150912, 0, 0, -0.0013567984900749706, 0, 0.0042990338925476225, 0.0035320504395390377, 0, 0, 0, 0.0009530439621654021, 0, -0.0042400918229728414, -0.002032210547161762, 0, 0, 0, 0, -0.0012980012637692408, 0, 0, 0, -0.009197394981700868, 0, 0, 0, 0, 0, 0, 0, 0, 0, 0, 0, 0, 0, -0.002676672539184098, 0.003353729647860727, 0, 0, 0, 0, 0, 0, 0, 0, -0.0005338695563399183, 0, -0.0010098516538211773, 0, 0, 0, 0, 0, 0, 0, 0, 0, 0, 0, 0, 0, 0, 0, 0, 0, 0, 0, 0, 0, 0, 0, 0, 0, 0, 0, 0, 0, 0, 0, 0, 0, 0, 0, 0, 0, 0, 0, 0, 0, 0, -0.004152975930546438, 0, 0, 0, 0, 0.004100436974938757, 0.006807028252625437, 0, 0, -0.004255133757168473, 0, 0, 0, 0, 0, 0, 0, 0, 0, 0, 0, 0, -0.002902088189638526, 0, 0, 0, 0, 0, -0.0005851443361104425, 0, 0, 0, 0, 0, -0.003385532684398046, -0.004873688956886568, 0, 0, 0, 0, -0.003651957637240402, -0.000555925120060075, 0, 0, 0, 0, 0, 0, 0, 0, 0, 0, 0, 0, -0.004759773091216026, 0, 0, 0, 0, 0, 0, 0, 0, 0, 0, -0.0006445348175847393, 0.004225863799604192, 0, 0.00040961496065173154, -0.008067955896739604, 0, 0, 0, 0, 0, 0, 0.010087511515199198, 0.005597495887335478, 0, 0, 0, 0, 0, -0.002500721101943308, 0, 0, 0, 0, -0.0024827578327643257, 0, 0, 0, 0, 0, 0.009495325591459117, 0, 0, 0, 0, 0, -0.005033770992051034, 0, 0.001897843978305334, 0, 0, 0, 0, 0, -0.004761956881710431, 0, 0.00037345117019849355, 0, 0, -0.0007495670775523118, 0, 0, 0, 0, 0, 0, 0, 0, 0.0011897476397969905, 0.003377385919621076, 0, 0, 0, -0.005832574865167378, 0, 0, 0, 0, 0, 0, 0, 0, 0, 0, 0, 0, 0, 0, 0, 0, 0, 0, 0, 0, 0.0005512543426941971, 0, 0, 0, -0.00499951919591464, 0, 0, 0, -0.00457074966766589, 0, 0, 0, 0, 0, 0.0017616667204180417, 0, 0, 0.0125532135731216, 0, 0, 0, 0, 0, 0, 0, 0, 0, 0, 0, 0, 0, 0, 0, 0, 0, 0, 0, -0.0050733275213881955, 0, 0, 0, 0, 0, 0, -0.00529093982128943, 0, 0, 0, 0, 0, 0, 0, 0, 0, -0.000733730399672764, 0, 0.005444879131591857, 0, 0, 0, 0, 0, 0, 0, 0, 0, 0, 0, 0, 0, 0, 0, 0, 0, 0, 0, 0, 0, 0, 0, 0, 0, 0.0004468413482357006, -0.00140837874894574, 0, 0, 0, 0, 0, 0, -0.003848084323239081, 0, 0, 0, 0, 0, 0, 0, 0, 0, 0, 0.004899927091272991, 0, 0, 0, 0, 0, 0.0007761093233074463, -0.0037106152786675053, 0, 0.004177002849026289, 0, 0.001804300347948134, 0, 0, -0.00309532639275269, 0, 0, 0, 0.0017466806544371317, 0, 0, 0, 0, 0, 0, 0, 0, 0, 0, 0, 0, 0, 0, 0, 0, 0.0003016647426572817, 0, 0, 0, 0, 0, 0.004063946863607307, 0.0063967774016906115, 0, 0, 0, 0, 0, -0.005130640614461513, 0, 0, 0, 0, -0.004338387150666533, 0, 0, 0, 0.0038041275734131677, 0, 0, -0.0008988400450922213, 0, 0, 0, 0, 0, 0, 0.00153578087145877, 0, 0, 0, 0, 0, 0.007820802853391498, 0, 0, 0, 0, 0, 0, 0, 0, 0, 0, 0, 0, 0.0014469636925651163, 0, 0, 0, 0, 0, 0, 0, 0, 0, 0, 0, 0, -0.004035457757833882, 0, 0, 0, 0, 0, 0, 0, 0, 0, 0, 0, 0, 0, 0.00324771440748853, 0, 0.005768913992221014, 0, 0, 0, 0, 0.0008341175721169273, 0.0007833850319418711, 0, 0, 0, 0, 0, 0, 0, 0, 0, 0, 0, -0.002708902479510724, 0, 0, 0, 0, 0, 0.003158458849230115, 0, 0, 0, 0, -0.002916263767941414, 0, 0, 0, 0, 0, 0, 0.0036950993302876742, 0, 0, 0, -0.004353246251099444, 0, 0, 0, 0.00018675931586139226, 0, 0, 0, 0.004982226643245481, 0, 0.0023713557115901092, 0, 0, 0, 0, 0, 0, 0, 0.0004271030929097519, 0.003859191689350549, 0, 0, 0, 0, 0, 0, 0, 0, -0.00413705633953826, 0, -0.005285439648577096, 0, 0, 0, 0, 0, 0, 0, 0, 0, 0, 0, 0.0064948561420679, 0, 0, 0, 0, 0, 0, 0, 0, 0, 0, 0, -9.488521474738209e-05, 0, 0, 0, 0, 0, 0, -0.004964428016694456, 0, 0, 0, 0, 0.0008323107469351944, 0, 0, 0, 0, 0, 0, -0.004167155035377864, 0, 8.22263238450397e-05, -0.001171127437264733, 0, 0, -0.0010348723056013455, 0, 0, -0.00040276118517700835, 0, -0.002947584210929227, 0, 0, 0, 0.0022863027121053374, 0, 0, -0.0006613750293175584, 0, 0, -0.004144143609085449, 0, 0, 0, 0, 0.0003020344644269132, 0.00843622212686852, 0, 0, 0, 0, 0, 0, 0, 0, 0, -0.00442204203461381, 0, 0, 0, 0, 0.0005519738374062795, 0, 0, 0.0017279519396779402, 0, 0, 0, 0, 0, 0, 0, 0, 0, 0.00365997970114701, 0, 0, 0, 0, 0, 0, 0, 0, 0, 0, 0.0035246617508912594, -0.0022948585089014257, 0.009392425947476043, 0, 0, 0, 0, 0, 0]
  Sharpe Ratio (TEST):   0.111
  Sharpe 95% CI (TEST):  (np.float64(-0.835), np.float64(0.992))

Rolling 1:
  Daily Returns (TEST): [0, 0, 0, 0, 0, 0, -0.0024537555369009848, 0, 0, 0, 0, 0, -0.0020141651061953616, 0, -0.0037711911767480933, 0.0023472650840106303, 0, 0, 0.008378142736700489, 0, 0, 0, 0, 0.0035298668324824697, 0, 0, 0, 0, 0, 0, 0, 0, 0, 0, 0, 0, 0, 0, 0, 0, 0, 0, 0, 0, 0, 0, 0, -0.00045937613187632686, 0, 0, 0, 0, 0, 0.012025461257010287, 0, 0, 0, 0, 0, 0, 0.014041324156653826, 0, 0, 0, -0.003262214691343749, 0, 0.0002985331363161851, 0, 0, 0, 0, -0.005438484090428918, 0, 0, 0, 0, 0, 0, 0, 0, 0, 0, 0, 0, 0, 0, 0, 0, -0.004480322943835932, 0, 0, 0, 0, 0, -0.0009524037832335799, 0, 0, 0, 0, 0, -0.003580803445149665, -0.003340055294651391, 0, 0, 0, 0, 0, 0, 0, 0, 0, 0, 0, 0, -0.0022629568127769226, 0, 0, 0.0016019644467951042, 0, -0.000692317681856102, 0, 0, 0, -0.005252111317298476, 0, 0, 0, 0, -0.0032686894703286124, 0, 0, 0, 0, 0, 0, 0, -0.002158384533694571, 0, 0.0037543088455897337, 0, -0.0036922946614127666, 0, 0, 0, 0.0017938083844481695, 0, 0, 0, 0, 0, -0.004295232204775417, 0, -0.0036575369240694176, 0, 0, 0, 0, 0, 0, -0.004399284107415298, 0, 0.006612790385809087, 0.005674942528656959, 0, 0, 0, 0, 0, 0, 0, 0, 0, -0.005229522801759128, 0.0013115212837037516, 0, 0, -0.0016974344692033336, -0.004886205606955591, 0, 0, -0.005578342875599211, 0, 0, 0, 0, 0, 0, 0, 0, 0, 0, 0, 0, -0.0015039553276906818, 0, 0, 0, 0, 0, 0, -0.007343277789002177, 0, 0, 0, -0.0032432715933761605, 0, 0.00857208510656417, 0, -0.004663832408412407, 0, 0, 0, 0.0006396247695522956, 0, 0, 0, 0.0026061054985722035, 0, -0.004709407906045002, 0, 0, 0, 0.004109399937760091, 0, 0, 0, -0.00401470552296782, 0.0030859361650308332, 0, 0, 0.001946122876534132, 0, 0, 0, 0, 0, 0, 0, 0, -0.00597250318636475, 0, 0, 0, 0, 0, 0, 0, 0, 0, 0, 0.004427924722592295, 0, -0.004174650844993811, 0, 0, 0, 0, -0.0027675442374838293, 0, 0, 0, 0, 0, 0, 0, 0, 0, 0, 0, 0, 0, 0, 0, 0, 0.0005869969583571719, 0, 0, 0, 0, -0.0022099491276047854, 0, 0, -0.007407852485213098, 0, 0, 0, 0, 0, 0, 0, 0, 0, 0, 0.015399497471717835, 0, 0, 0, 0, 0, -0.004718141773077155, 0, 0, 0, 0, 0, 0, 0, 0, 0.001592449975227522, 0, 0, -0.0039904015216674985, 0, 0, 0.0004651151666371067, 0, 0, 0, 0, 0, 0, -0.005344360095865044, 0, 0, 0, 0, 0, 0.0006538149672195222, 0, 0, 0.007465217307557998, 0, 0, 0, 0, 0, 0, 0, 0, 0.007424071091068526, 0, 0, 0, 0, 0, 0, 0, 0, 0, 0, 0, 0, 0, 0, 0, 0, 0, 0, 0, 0, 0.0016361837157472584, 0, 0, 0, 0, 0, 0, 0, 0, 0, -0.0019131656694989679, -0.0010636407393150912, 0, 0, -0.0013567984900749706, 0, 0.0042990338925476225, 0.0035320504395390377, 0, 0, 0, 0.0009530439621654021, 0, -0.0042400918229728414, -0.002032210547161762, 0, 0, 0, 0, -0.0012980012637692408, 0, 0, 0, -0.009197394981700868, 0, 0, 0, 0, 0, 0, 0, 0, 0, 0, 0, 0, 0, -0.002676672539184098, 0.003353729647860727, 0, 0, 0, 0, 0, 0, 0, 0, -0.0005338695563399183, 0, -0.0010098516538211773, 0, 0, 0, 0, 0, 0, 0, 0, 0, 0, 0, 0, 0, 0, 0, 0, 0, 0, 0, 0, 0, 0, 0, 0, 0, 0, 0, 0, 0, 0, 0, 0, 0, 0, 0, 0, 0, 0, 0, 0, 0, 0, -0.004152975930546438, 0, 0, 0, 0, 0.004100436974938757, 0.006807028252625437, 0, 0, -0.004255133757168473, 0, 0, 0, 0, 0, 0, 0, 0, 0, 0, 0, 0, -0.002902088189638526, 0, 0, 0, 0, 0, -0.0005851443361104425, 0, 0, 0, 0, 0, -0.003385532684398046, -0.004873688956886568, 0, 0, 0, 0, -0.003651957637240402, -0.000555925120060075, 0, 0, 0, 0, 0, 0, 0, 0, 0, 0, 0, 0, -0.004759773091216026, 0, 0, 0, 0, 0, 0, 0, 0, 0, 0, -0.0006445348175847393, 0.004225863799604192, 0, 0.00040961496065173154, -0.008067955896739604, 0, 0, 0, 0, 0, 0, 0.010087511515199198, 0.005597495887335478, 0, 0, 0, 0, 0, -0.002500721101943308, 0, 0, 0, 0, -0.0024827578327643257, 0, 0, 0, 0, 0, 0.009495325591459117, 0, 0, 0, 0, 0, -0.005033770992051034, 0, 0.001897843978305334, 0, 0, 0, 0, 0, -0.004761956881710431, 0, 0.00037345117019849355, 0, 0, -0.0007495670775523118, 0, 0, 0, 0, 0, 0, 0, 0, 0.0011897476397969905, 0.003377385919621076, 0, 0, 0, -0.005832574865167378, 0, 0, 0, 0, 0, 0, 0, 0, 0, 0, 0, 0, 0, 0, 0, 0, 0, 0, 0, 0, 0.0005512543426941971, 0, 0, 0, -0.00499951919591464, 0, 0, 0, -0.00457074966766589, 0, 0, 0, 0, 0, 0.0017616667204180417, 0, 0, 0.0125532135731216, 0, 0, 0, 0, 0, 0, 0, 0, 0, 0, 0, 0, 0, 0, 0, 0, 0, 0, 0, -0.0050733275213881955, 0, 0, 0, 0, 0, 0, -0.00529093982128943, 0, 0, 0, 0, 0, 0, 0, 0, 0, -0.000733730399672764, 0, 0.005444879131591857, 0, 0, 0, 0, 0, 0, 0, 0, 0, 0, 0, 0, 0, 0, 0, 0, 0, 0, 0, 0, 0, 0, 0, 0, 0, 0.0004468413482357006, -0.00140837874894574, 0, 0, 0, 0, 0, 0, -0.003848084323239081, 0, 0, 0, 0, 0, 0, 0, 0, 0, 0, 0.004899927091272991, 0, 0, 0, 0, 0, 0.0007761093233074463, -0.0037106152786675053, 0, 0.004177002849026289, 0, 0.001804300347948134, 0, 0, -0.00309532639275269, 0, 0, 0, 0.0017466806544371317, 0, 0, 0, 0, 0, 0, 0, 0, 0, 0, 0, 0, 0, 0, 0, 0, 0.0003016647426572817, 0, 0, 0, 0, 0, 0.004063946863607307, 0.0063967774016906115, 0, 0, 0, 0, 0, -0.005130640614461513, 0, 0, 0, 0, -0.004338387150666533, 0, 0, 0, 0.0038041275734131677, 0, 0, -0.0008988400450922213, 0, 0, 0, 0, 0, 0, 0.00153578087145877, 0, 0, 0, 0, 0, 0.007820802853391498, 0, 0, 0, 0, 0, 0, 0, 0, 0, 0, 0, 0, 0.0014469636925651163, 0, 0, 0, 0, 0, 0, 0, 0, 0, 0, 0, 0, -0.004035457757833882, 0, 0, 0, 0, 0, 0, 0, 0, 0, 0, 0, 0, 0, 0.00324771440748853, 0, 0.005768913992221014, 0, 0, 0, 0, 0.0008341175721169273, 0.0007833850319418711, 0, 0, 0, 0, 0, 0, 0, 0, 0, 0, 0, -0.002708902479510724, 0, 0, 0, 0, 0, 0.003158458849230115, 0, 0, 0, 0, -0.002916263767941414, 0, 0, 0, 0, 0, 0, 0.0036950993302876742, 0, 0, 0, -0.004353246251099444, 0, 0, 0, 0.00018675931586139226, 0, 0, 0, 0.004982226643245481, 0, 0.0023713557115901092, 0, 0, 0, 0, 0, 0, 0, 0.0004271030929097519, 0.003859191689350549, 0, 0, 0, 0, 0, 0, 0, 0, -0.00413705633953826, 0, -0.005285439648577096, 0, 0, 0, 0, 0, 0, 0, 0, 0, 0, 0, 0.0064948561420679, 0, 0, 0, 0, 0, 0, 0, 0, 0, 0, 0, -9.488521474738209e-05, 0, 0, 0, 0, 0, 0, -0.004964428016694456, 0, 0, 0, 0, 0.0008323107469351944, 0, 0, 0, 0, 0, 0, -0.004167155035377864, 0, 8.22263238450397e-05, -0.001171127437264733, 0, 0, -0.0010348723056013455, 0, 0, -0.00040276118517700835, 0, -0.002947584210929227, 0, 0, 0, 0.0022863027121053374, 0, 0, -0.0006613750293175584, 0, 0, -0.004144143609085449, 0, 0, 0, 0, 0.0003020344644269132, 0.00843622212686852, 0, 0, 0, 0, 0, 0, 0, 0, 0, -0.00442204203461381, 0, 0, 0, 0, 0.0005519738374062795, 0, 0, 0.0017279519396779402, 0, 0, 0, 0, 0, 0, 0, 0, 0, 0.00365997970114701, 0, 0, 0, 0, 0, 0, 0, 0, 0, 0, 0.0035246617508912594, -0.0022948585089014257, 0.009392425947476043, 0, 0, 0, 0, 0, 0]
  Sharpe Ratio (TEST):   -0.071
  Sharpe 95% CI (TEST):  (np.float64(-1.057), np.float64(0.857))

Rolling 2:
  Daily Returns (TEST): [0, 0, 0, 0, 0, 0, 0, 0, 0, 0, 0, 0, -0.0022629568127769226, 0, 0, 0.0016019644467951042, 0, -0.000692317681856102, 0, 0, 0, -0.005252111317298476, 0, 0, 0, 0, -0.0032686894703286124, 0, 0, 0, 0, 0, 0, 0, -0.002158384533694571, 0, 0.0037543088455897337, 0, -0.0036922946614127666, 0, 0, 0, 0.0017938083844481695, 0, 0, 0, 0, 0, -0.004295232204775417, 0, -0.0036575369240694176, 0, 0, 0, 0, 0, 0, -0.004399284107415298, 0, 0.006612790385809087, 0.005674942528656959, 0, 0, 0, 0, 0, 0, 0, 0, 0, -0.005229522801759128, 0.0013115212837037516, 0, 0, -0.0016974344692033336, -0.004886205606955591, 0, 0, -0.005578342875599211, 0, 0, 0, 0, 0, 0, 0, 0, 0, 0, 0, 0, -0.0015039553276906818, 0, 0, 0, 0, 0, 0, -0.007343277789002177, 0, 0, 0, -0.0032432715933761605, 0, 0.00857208510656417, 0, -0.004663832408412407, 0, 0, 0, 0.0006396247695522956, 0, 0, 0, 0.0026061054985722035, 0, -0.004709407906045002, 0, 0, 0, 0.004109399937760091, 0, 0, 0, -0.00401470552296782, 0.0030859361650308332, 0, 0, 0.001946122876534132, 0, 0, 0, 0, 0, 0, 0, 0, -0.00597250318636475, 0, 0, 0, 0, 0, 0, 0, 0, 0, 0, 0.004427924722592295, 0, -0.004174650844993811, 0, 0, 0, 0, -0.0027675442374838293, 0, 0, 0, 0, 0, 0, 0, 0, 0, 0, 0, 0, 0, 0, 0, 0, 0.0005869969583571719, 0, 0, 0, 0, -0.0022099491276047854, 0, 0, -0.007407852485213098, 0, 0, 0, 0, 0, 0, 0, 0, 0, 0, 0.015399497471717835, 0, 0, 0, 0, 0, -0.004718141773077155, 0, 0, 0, 0, 0, 0, 0, 0, 0.001592449975227522, 0, 0, -0.0039904015216674985, 0, 0, 0.0004651151666371067, 0, 0, 0, 0, 0, 0, -0.005344360095865044, 0, 0, 0, 0, 0, 0.0006538149672195222, 0, 0, 0.007465217307557998, 0, 0, 0, 0, 0, 0, 0, 0, 0.007424071091068526, 0, 0, 0, 0, 0, 0, 0, 0, 0, 0, 0, 0, 0, 0, 0, 0, 0, 0, 0, 0, 0.0016361837157472584, 0, 0, 0, 0, 0, 0, 0, 0, 0, -0.0019131656694989679, -0.0010636407393150912, 0, 0, -0.0013567984900749706, 0, 0.0042990338925476225, 0.0035320504395390377, 0, 0, 0, 0.0009530439621654021, 0, -0.0042400918229728414, -0.002032210547161762, 0, 0, 0, 0, -0.0012980012637692408, 0, 0, 0, -0.009197394981700868, 0, 0, 0, 0, 0, 0, 0, 0, 0, 0, 0, 0, 0, -0.002676672539184098, 0.003353729647860727, 0, 0, 0, 0, 0, 0, 0, 0, -0.0005338695563399183, 0, -0.0010098516538211773, 0, 0, 0, 0, 0, 0, 0, 0, 0, 0, 0, 0, 0, 0, 0, 0, 0, 0, 0, 0, 0, 0, 0, 0, 0, 0, 0, 0, 0, 0, 0, 0, 0, 0, 0, 0, 0, 0, 0, 0, 0, 0, -0.004152975930546438, 0, 0, 0, 0, 0.004100436974938757, 0.006807028252625437, 0, 0, -0.004255133757168473, 0, 0, 0, 0, 0, 0, 0, 0, 0, 0, 0, 0, -0.002902088189638526, 0, 0, 0, 0, 0, -0.0005851443361104425, 0, 0, 0, 0, 0, -0.003385532684398046, -0.004873688956886568, 0, 0, 0, 0, -0.003651957637240402, -0.000555925120060075, 0, 0, 0, 0, 0, 0, 0, 0, 0, 0, 0, 0, -0.004759773091216026, 0, 0, 0, 0, 0, 0, 0, 0, 0, 0, -0.0006445348175847393, 0.004225863799604192, 0, 0.00040961496065173154, -0.008067955896739604, 0, 0, 0, 0, 0, 0, 0.010087511515199198, 0.005597495887335478, 0, 0, 0, 0, 0, -0.002500721101943308, 0, 0, 0, 0, -0.0024827578327643257, 0, 0, 0, 0, 0, 0.009495325591459117, 0, 0, 0, 0, 0, -0.005033770992051034, 0, 0.001897843978305334, 0, 0, 0, 0, 0, -0.004761956881710431, 0, 0.00037345117019849355, 0, 0, -0.0007495670775523118, 0, 0, 0, 0, 0, 0, 0, 0, 0.0011897476397969905, 0.003377385919621076, 0, 0, 0, -0.005832574865167378, 0, 0, 0, 0, 0, 0, 0, 0, 0, 0, 0, 0, 0, 0, 0, 0, 0, 0, 0, 0, 0.0005512543426941971, 0, 0, 0, -0.00499951919591464, 0, 0, 0, -0.00457074966766589, 0, 0, 0, 0, 0, 0.0017616667204180417, 0, 0, 0.0125532135731216, 0, 0, 0, 0, 0, 0, 0, 0, 0, 0, 0, 0, 0, 0, 0, 0, 0, 0, 0, -0.0050733275213881955, 0, 0, 0, 0, 0, 0, -0.00529093982128943, 0, 0, 0, 0, 0, 0, 0, 0, 0, -0.000733730399672764, 0, 0.005444879131591857, 0, 0, 0, 0, 0, 0, 0, 0, 0, 0, 0, 0, 0, 0, 0, 0, 0, 0, 0, 0, 0, 0, 0, 0, 0, 0.0004468413482357006, -0.00140837874894574, 0, 0, 0, 0, 0, 0, -0.003848084323239081, 0, 0, 0, 0, 0, 0, 0, 0, 0, 0, 0.004899927091272991, 0, 0, 0, 0, 0, 0.0007761093233074463, -0.0037106152786675053, 0, 0.004177002849026289, 0, 0.001804300347948134, 0, 0, -0.00309532639275269, 0, 0, 0, 0.0017466806544371317, 0, 0, 0, 0, 0, 0, 0, 0, 0, 0, 0, 0, 0, 0, 0, 0, 0.0003016647426572817, 0, 0, 0, 0, 0, 0.004063946863607307, 0.0063967774016906115, 0, 0, 0, 0, 0, -0.005130640614461513, 0, 0, 0, 0, -0.004338387150666533, 0, 0, 0, 0.0038041275734131677, 0, 0, -0.0008988400450922213, 0, 0, 0, 0, 0, 0, 0.00153578087145877, 0, 0, 0, 0, 0, 0.007820802853391498, 0, 0, 0, 0, 0, 0, 0, 0, 0, 0, 0, 0, 0.0014469636925651163, 0, 0, 0, 0, 0, 0, 0, 0, 0, 0, 0, 0, -0.004035457757833882, 0, 0, 0, 0, 0, 0, 0, 0, 0, 0, 0, 0, 0, 0.00324771440748853, 0, 0.005768913992221014, 0, 0, 0, 0, 0.0008341175721169273, 0.0007833850319418711, 0, 0, 0, 0, 0, 0, 0, 0, 0, 0, 0, -0.002708902479510724, 0, 0, 0, 0, 0, 0.003158458849230115, 0, 0, 0, 0, -0.002916263767941414, 0, 0, 0, 0, 0, 0, 0.0036950993302876742, 0, 0, 0, -0.004353246251099444, 0, 0, 0, 0.00018675931586139226, 0, 0, 0, 0.004982226643245481, 0, 0.0023713557115901092, 0, 0, 0, 0, 0, 0, 0, 0.0004271030929097519, 0.003859191689350549, 0, 0, 0, 0, 0, 0, 0, 0, -0.00413705633953826, 0, -0.005285439648577096, 0, 0, 0, 0, 0, 0, 0, 0, 0, 0, 0, 0.0064948561420679, 0, 0, 0, 0, 0, 0, 0, 0, 0, 0, 0, -9.488521474738209e-05, 0, 0, 0, 0, 0, 0, -0.004964428016694456, 0, 0, 0, 0, 0.0008323107469351944, 0, 0, 0, 0, 0, 0, -0.004167155035377864, 0, 8.22263238450397e-05, -0.001171127437264733, 0, 0, -0.0010348723056013455, 0, 0, -0.00040276118517700835, 0, -0.002947584210929227, 0, 0, 0, 0.0022863027121053374, 0, 0, -0.0006613750293175584, 0, 0, -0.004144143609085449, 0, 0, 0, 0, 0.0003020344644269132, 0.00843622212686852, 0, 0, 0, 0, 0, 0, 0, 0, 0, -0.00442204203461381, 0, 0, 0, 0, 0.0005519738374062795, 0, 0, 0.0017279519396779402, 0, 0, 0, 0, 0, 0, 0, 0, 0, 0.00365997970114701, 0, 0, 0, 0, 0, 0, 0, 0, 0, 0, 0.0035246617508912594, -0.0022948585089014257, 0.009392425947476043, 0, 0, 0, 0, 0, 0]
  Sharpe Ratio (TEST):   -0.186
  Sharpe 95% CI (TEST):  (np.float64(-1.219), np.float64(0.8))

Rolling 3:
  Daily Returns (TEST): [-0.0032432715933761605, 0, 0.00857208510656417, 0, -0.004663832408412407, 0, 0, 0, 0.0006396247695522956, 0, 0, 0, 0.0026061054985722035, 0, -0.004709407906045002, 0, 0, 0, 0.004109399937760091, 0, 0, 0, -0.00401470552296782, 0.0030859361650308332, 0, 0, 0.001946122876534132, 0, 0, 0, 0, 0, 0, 0, 0, -0.00597250318636475, 0, 0, 0, 0, 0, 0, 0, 0, 0, 0, 0.004427924722592295, 0, -0.004174650844993811, 0, 0, 0, 0, -0.0027675442374838293, 0, 0, 0, 0, 0, 0, 0, 0, 0, 0, 0, 0, 0, 0, 0, 0, 0.0005869969583571719, 0, 0, 0, 0, -0.0022099491276047854, 0, 0, -0.007407852485213098, 0, 0, 0, 0, 0, 0, 0, 0, 0, 0, 0.015399497471717835, 0, 0, 0, 0, 0, -0.004718141773077155, 0, 0, 0, 0, 0, 0, 0, 0, 0.001592449975227522, 0, 0, -0.0039904015216674985, 0, 0, 0.0004651151666371067, 0, 0, 0, 0, 0, 0, -0.005344360095865044, 0, 0, 0, 0, 0, 0.0006538149672195222, 0, 0, 0.007465217307557998, 0, 0, 0, 0, 0, 0, 0, 0, 0.007424071091068526, 0, 0, 0, 0, 0, 0, 0, 0, 0, 0, 0, 0, 0, 0, 0, 0, 0, 0, 0, 0, 0.0016361837157472584, 0, 0, 0, 0, 0, 0, 0, 0, 0, -0.0019131656694989679, -0.0010636407393150912, 0, 0, -0.0013567984900749706, 0, 0.0042990338925476225, 0.0035320504395390377, 0, 0, 0, 0.0009530439621654021, 0, -0.0042400918229728414, -0.002032210547161762, 0, 0, 0, 0, -0.0012980012637692408, 0, 0, 0, -0.009197394981700868, 0, 0, 0, 0, 0, 0, 0, 0, 0, 0, 0, 0, 0, -0.002676672539184098, 0.003353729647860727, 0, 0, 0, 0, 0, 0, 0, 0, -0.0005338695563399183, 0, -0.0010098516538211773, 0, 0, 0, 0, 0, 0, 0, 0, 0, 0, 0, 0, 0, 0, 0, 0, 0, 0, 0, 0, 0, 0, 0, 0, 0, 0, 0, 0, 0, 0, 0, 0, 0, 0, 0, 0, 0, 0, 0, 0, 0, 0, -0.004152975930546438, 0, 0, 0, 0, 0.004100436974938757, 0.006807028252625437, 0, 0, -0.004255133757168473, 0, 0, 0, 0, 0, 0, 0, 0, 0, 0, 0, 0, -0.002902088189638526, 0, 0, 0, 0, 0, -0.0005851443361104425, 0, 0, 0, 0, 0, -0.003385532684398046, -0.004873688956886568, 0, 0, 0, 0, -0.003651957637240402, -0.000555925120060075, 0, 0, 0, 0, 0, 0, 0, 0, 0, 0, 0, 0, -0.004759773091216026, 0, 0, 0, 0, 0, 0, 0, 0, 0, 0, -0.0006445348175847393, 0.004225863799604192, 0, 0.00040961496065173154, -0.008067955896739604, 0, 0, 0, 0, 0, 0, 0.010087511515199198, 0.005597495887335478, 0, 0, 0, 0, 0, -0.002500721101943308, 0, 0, 0, 0, -0.0024827578327643257, 0, 0, 0, 0, 0, 0.009495325591459117, 0, 0, 0, 0, 0, -0.005033770992051034, 0, 0.001897843978305334, 0, 0, 0, 0, 0, -0.004761956881710431, 0, 0.00037345117019849355, 0, 0, -0.0007495670775523118, 0, 0, 0, 0, 0, 0, 0, 0, 0.0011897476397969905, 0.003377385919621076, 0, 0, 0, -0.005832574865167378, 0, 0, 0, 0, 0, 0, 0, 0, 0, 0, 0, 0, 0, 0, 0, 0, 0, 0, 0, 0, 0.0005512543426941971, 0, 0, 0, -0.00499951919591464, 0, 0, 0, -0.00457074966766589, 0, 0, 0, 0, 0, 0.0017616667204180417, 0, 0, 0.0125532135731216, 0, 0, 0, 0, 0, 0, 0, 0, 0, 0, 0, 0, 0, 0, 0, 0, 0, 0, 0, -0.0050733275213881955, 0, 0, 0, 0, 0, 0, -0.00529093982128943, 0, 0, 0, 0, 0, 0, 0, 0, 0, -0.000733730399672764, 0, 0.005444879131591857, 0, 0, 0, 0, 0, 0, 0, 0, 0, 0, 0, 0, 0, 0, 0, 0, 0, 0, 0, 0, 0, 0, 0, 0, 0, 0.0004468413482357006, -0.00140837874894574, 0, 0, 0, 0, 0, 0, -0.003848084323239081, 0, 0, 0, 0, 0, 0, 0, 0, 0, 0, 0.004899927091272991, 0, 0, 0, 0, 0, 0.0007761093233074463, -0.0037106152786675053, 0, 0.004177002849026289, 0, 0.001804300347948134, 0, 0, -0.00309532639275269, 0, 0, 0, 0.0017466806544371317, 0, 0, 0, 0, 0, 0, 0, 0, 0, 0, 0, 0, 0, 0, 0, 0, 0.0003016647426572817, 0, 0, 0, 0, 0, 0.004063946863607307, 0.0063967774016906115, 0, 0, 0, 0, 0, -0.005130640614461513, 0, 0, 0, 0, -0.004338387150666533, 0, 0, 0, 0.0038041275734131677, 0, 0, -0.0008988400450922213, 0, 0, 0, 0, 0, 0, 0.00153578087145877, 0, 0, 0, 0, 0, 0.007820802853391498, 0, 0, 0, 0, 0, 0, 0, 0, 0, 0, 0, 0, 0.0014469636925651163, 0, 0, 0, 0, 0, 0, 0, 0, 0, 0, 0, 0, -0.004035457757833882, 0, 0, 0, 0, 0, 0, 0, 0, 0, 0, 0, 0, 0, 0.00324771440748853, 0, 0.005768913992221014, 0, 0, 0, 0, 0.0008341175721169273, 0.0007833850319418711, 0, 0, 0, 0, 0, 0, 0, 0, 0, 0, 0, -0.002708902479510724, 0, 0, 0, 0, 0, 0.003158458849230115, 0, 0, 0, 0, -0.002916263767941414, 0, 0, 0, 0, 0, 0, 0.0036950993302876742, 0, 0, 0, -0.004353246251099444, 0, 0, 0, 0.00018675931586139226, 0, 0, 0, 0.004982226643245481, 0, 0.0023713557115901092, 0, 0, 0, 0, 0, 0, 0, 0.0004271030929097519, 0.003859191689350549, 0, 0, 0, 0, 0, 0, 0, 0, -0.00413705633953826, 0, -0.005285439648577096, 0, 0, 0, 0, 0, 0, 0, 0, 0, 0, 0, 0.0064948561420679, 0, 0, 0, 0, 0, 0, 0, 0, 0, 0, 0, -9.488521474738209e-05, 0, 0, 0, 0, 0, 0, -0.004964428016694456, 0, 0, 0, 0, 0.0008323107469351944, 0, 0, 0, 0, 0, 0, -0.004167155035377864, 0, 8.22263238450397e-05, -0.001171127437264733, 0, 0, -0.0010348723056013455, 0, 0, -0.00040276118517700835, 0, -0.002947584210929227, 0, 0, 0, 0.0022863027121053374, 0, 0, -0.0006613750293175584, 0, 0, -0.004144143609085449, 0, 0, 0, 0, 0.0003020344644269132, 0.00843622212686852, 0, 0, 0, 0, 0, 0, 0, 0, 0, -0.00442204203461381, 0, 0, 0, 0, 0.0005519738374062795, 0, 0, 0.0017279519396779402, 0, 0, 0, 0, 0, 0, 0, 0, 0, 0.00365997970114701, 0, 0, 0, 0, 0, 0, 0, 0, 0, 0, 0.0035246617508912594, -0.0022948585089014257, 0.009392425947476043, 0, 0, 0, 0, 0, 0]
  Sharpe Ratio (TEST):   0.173
  Sharpe 95% CI (TEST):  (np.float64(-0.987), np.float64(1.253))

Rolling 4:
  Daily Returns (TEST): [0, 0, 0.001592449975227522, 0, 0, -0.0039904015216674985, 0, 0, 0.0004651151666371067, 0, 0, 0, 0, 0, 0, -0.005344360095865044, 0, 0, 0, 0, 0, 0.0006538149672195222, 0, 0, 0.007465217307557998, 0, 0, 0, 0, 0, 0, 0, 0, 0.007424071091068526, 0, 0, 0, 0, 0, 0, 0, 0, 0, 0, 0, 0, 0, 0, 0, 0, 0, 0, 0, 0, 0.0016361837157472584, 0, 0, 0, 0, 0, 0, 0, 0, 0, -0.0019131656694989679, -0.0010636407393150912, 0, 0, -0.0013567984900749706, 0, 0.0042990338925476225, 0.0035320504395390377, 0, 0, 0, 0.0009530439621654021, 0, -0.0042400918229728414, -0.002032210547161762, 0, 0, 0, 0, -0.0012980012637692408, 0, 0, 0, -0.009197394981700868, 0, 0, 0, 0, 0, 0, 0, 0, 0, 0, 0, 0, 0, -0.002676672539184098, 0.003353729647860727, 0, 0, 0, 0, 0, 0, 0, 0, -0.0005338695563399183, 0, -0.0010098516538211773, 0, 0, 0, 0, 0, 0, 0, 0, 0, 0, 0, 0, 0, 0, 0, 0, 0, 0, 0, 0, 0, 0, 0, 0, 0, 0, 0, 0, 0, 0, 0, 0, 0, 0, 0, 0, 0, 0, 0, 0, 0, 0, -0.004152975930546438, 0, 0, 0, 0, 0.004100436974938757, 0.006807028252625437, 0, 0, -0.004255133757168473, 0, 0, 0, 0, 0, 0, 0, 0, 0, 0, 0, 0, -0.002902088189638526, 0, 0, 0, 0, 0, -0.0005851443361104425, 0, 0, 0, 0, 0, -0.003385532684398046, -0.004873688956886568, 0, 0, 0, 0, -0.003651957637240402, -0.000555925120060075, 0, 0, 0, 0, 0, 0, 0, 0, 0, 0, 0, 0, -0.004759773091216026, 0, 0, 0, 0, 0, 0, 0, 0, 0, 0, -0.0006445348175847393, 0.004225863799604192, 0, 0.00040961496065173154, -0.008067955896739604, 0, 0, 0, 0, 0, 0, 0.010087511515199198, 0.005597495887335478, 0, 0, 0, 0, 0, -0.002500721101943308, 0, 0, 0, 0, -0.0024827578327643257, 0, 0, 0, 0, 0, 0.009495325591459117, 0, 0, 0, 0, 0, -0.005033770992051034, 0, 0.001897843978305334, 0, 0, 0, 0, 0, -0.004761956881710431, 0, 0.00037345117019849355, 0, 0, -0.0007495670775523118, 0, 0, 0, 0, 0, 0, 0, 0, 0.0011897476397969905, 0.003377385919621076, 0, 0, 0, -0.005832574865167378, 0, 0, 0, 0, 0, 0, 0, 0, 0, 0, 0, 0, 0, 0, 0, 0, 0, 0, 0, 0, 0.0005512543426941971, 0, 0, 0, -0.00499951919591464, 0, 0, 0, -0.00457074966766589, 0, 0, 0, 0, 0, 0.0017616667204180417, 0, 0, 0.0125532135731216, 0, 0, 0, 0, 0, 0, 0, 0, 0, 0, 0, 0, 0, 0, 0, 0, 0, 0, 0, -0.0050733275213881955, 0, 0, 0, 0, 0, 0, -0.00529093982128943, 0, 0, 0, 0, 0, 0, 0, 0, 0, -0.000733730399672764, 0, 0.005444879131591857, 0, 0, 0, 0, 0, 0, 0, 0, 0, 0, 0, 0, 0, 0, 0, 0, 0, 0, 0, 0, 0, 0, 0, 0, 0, 0.0004468413482357006, -0.00140837874894574, 0, 0, 0, 0, 0, 0, -0.003848084323239081, 0, 0, 0, 0, 0, 0, 0, 0, 0, 0, 0.004899927091272991, 0, 0, 0, 0, 0, 0.0007761093233074463, -0.0037106152786675053, 0, 0.004177002849026289, 0, 0.001804300347948134, 0, 0, -0.00309532639275269, 0, 0, 0, 0.0017466806544371317, 0, 0, 0, 0, 0, 0, 0, 0, 0, 0, 0, 0, 0, 0, 0, 0, 0.0003016647426572817, 0, 0, 0, 0, 0, 0.004063946863607307, 0.0063967774016906115, 0, 0, 0, 0, 0, -0.005130640614461513, 0, 0, 0, 0, -0.004338387150666533, 0, 0, 0, 0.0038041275734131677, 0, 0, -0.0008988400450922213, 0, 0, 0, 0, 0, 0, 0.00153578087145877, 0, 0, 0, 0, 0, 0.007820802853391498, 0, 0, 0, 0, 0, 0, 0, 0, 0, 0, 0, 0, 0.0014469636925651163, 0, 0, 0, 0, 0, 0, 0, 0, 0, 0, 0, 0, -0.004035457757833882, 0, 0, 0, 0, 0, 0, 0, 0, 0, 0, 0, 0, 0, 0.00324771440748853, 0, 0.005768913992221014, 0, 0, 0, 0, 0.0008341175721169273, 0.0007833850319418711, 0, 0, 0, 0, 0, 0, 0, 0, 0, 0, 0, -0.002708902479510724, 0, 0, 0, 0, 0, 0.003158458849230115, 0, 0, 0, 0, -0.002916263767941414, 0, 0, 0, 0, 0, 0, 0.0036950993302876742, 0, 0, 0, -0.004353246251099444, 0, 0, 0, 0.00018675931586139226, 0, 0, 0, 0.004982226643245481, 0, 0.0023713557115901092, 0, 0, 0, 0, 0, 0, 0, 0.0004271030929097519, 0.003859191689350549, 0, 0, 0, 0, 0, 0, 0, 0, -0.00413705633953826, 0, -0.005285439648577096, 0, 0, 0, 0, 0, 0, 0, 0, 0, 0, 0, 0.0064948561420679, 0, 0, 0, 0, 0, 0, 0, 0, 0, 0, 0, -9.488521474738209e-05, 0, 0, 0, 0, 0, 0, -0.004964428016694456, 0, 0, 0, 0, 0.0008323107469351944, 0, 0, 0, 0, 0, 0, -0.004167155035377864, 0, 8.22263238450397e-05, -0.001171127437264733, 0, 0, -0.0010348723056013455, 0, 0, -0.00040276118517700835, 0, -0.002947584210929227, 0, 0, 0, 0.0022863027121053374, 0, 0, -0.0006613750293175584, 0, 0, -0.004144143609085449, 0, 0, 0, 0, 0.0003020344644269132, 0.00843622212686852, 0, 0, 0, 0, 0, 0, 0, 0, 0, -0.00442204203461381, 0, 0, 0, 0, 0.0005519738374062795, 0, 0, 0.0017279519396779402, 0, 0, 0, 0, 0, 0, 0, 0, 0, 0.00365997970114701, 0, 0, 0, 0, 0, 0, 0, 0, 0, 0, 0.0035246617508912594, -0.0022948585089014257, 0.009392425947476043, 0, 0, 0, 0, 0, 0]
  Sharpe Ratio (TEST):   0.243
  Sharpe 95% CI (TEST):  (np.float64(-0.966), np.float64(1.392))

Rolling 5:
  Daily Returns (TEST): [0.003353729647860727, 0, 0, 0, 0, 0, 0, 0, 0, -0.0005338695563399183, 0, -0.0010098516538211773, 0, 0, 0, 0, 0, 0, 0, 0, 0, 0, 0, 0, 0, 0, 0, 0, 0, 0, 0, 0, 0, 0, 0, 0, 0, 0, 0, 0, 0, 0, 0, 0, 0, 0, 0, 0, 0, 0, 0, 0, 0, 0, -0.004152975930546438, 0, 0, 0, 0, 0.004100436974938757, 0.006807028252625437, 0, 0, -0.004255133757168473, 0, 0, 0, 0, 0, 0, 0, 0, 0, 0, 0, 0, -0.002902088189638526, 0, 0, 0, 0, 0, -0.0005851443361104425, 0, 0, 0, 0, 0, -0.003385532684398046, -0.004873688956886568, 0, 0, 0, 0, -0.003651957637240402, -0.000555925120060075, 0, 0, 0, 0, 0, 0, 0, 0, 0, 0, 0, 0, -0.004759773091216026, 0, 0, 0, 0, 0, 0, 0, 0, 0, 0, -0.0006445348175847393, 0.004225863799604192, 0, 0.00040961496065173154, -0.008067955896739604, 0, 0, 0, 0, 0, 0, 0.010087511515199198, 0.005597495887335478, 0, 0, 0, 0, 0, -0.002500721101943308, 0, 0, 0, 0, -0.0024827578327643257, 0, 0, 0, 0, 0, 0.009495325591459117, 0, 0, 0, 0, 0, -0.005033770992051034, 0, 0.001897843978305334, 0, 0, 0, 0, 0, -0.004761956881710431, 0, 0.00037345117019849355, 0, 0, -0.0007495670775523118, 0, 0, 0, 0, 0, 0, 0, 0, 0.0011897476397969905, 0.003377385919621076, 0, 0, 0, -0.005832574865167378, 0, 0, 0, 0, 0, 0, 0, 0, 0, 0, 0, 0, 0, 0, 0, 0, 0, 0, 0, 0, 0.0005512543426941971, 0, 0, 0, -0.00499951919591464, 0, 0, 0, -0.00457074966766589, 0, 0, 0, 0, 0, 0.0017616667204180417, 0, 0, 0.0125532135731216, 0, 0, 0, 0, 0, 0, 0, 0, 0, 0, 0, 0, 0, 0, 0, 0, 0, 0, 0, -0.0050733275213881955, 0, 0, 0, 0, 0, 0, -0.00529093982128943, 0, 0, 0, 0, 0, 0, 0, 0, 0, -0.000733730399672764, 0, 0.005444879131591857, 0, 0, 0, 0, 0, 0, 0, 0, 0, 0, 0, 0, 0, 0, 0, 0, 0, 0, 0, 0, 0, 0, 0, 0, 0, 0.0004468413482357006, -0.00140837874894574, 0, 0, 0, 0, 0, 0, -0.003848084323239081, 0, 0, 0, 0, 0, 0, 0, 0, 0, 0, 0.004899927091272991, 0, 0, 0, 0, 0, 0.0007761093233074463, -0.0037106152786675053, 0, 0.004177002849026289, 0, 0.001804300347948134, 0, 0, -0.00309532639275269, 0, 0, 0, 0.0017466806544371317, 0, 0, 0, 0, 0, 0, 0, 0, 0, 0, 0, 0, 0, 0, 0, 0, 0.0003016647426572817, 0, 0, 0, 0, 0, 0.004063946863607307, 0.0063967774016906115, 0, 0, 0, 0, 0, -0.005130640614461513, 0, 0, 0, 0, -0.004338387150666533, 0, 0, 0, 0.0038041275734131677, 0, 0, -0.0008988400450922213, 0, 0, 0, 0, 0, 0, 0.00153578087145877, 0, 0, 0, 0, 0, 0.007820802853391498, 0, 0, 0, 0, 0, 0, 0, 0, 0, 0, 0, 0, 0.0014469636925651163, 0, 0, 0, 0, 0, 0, 0, 0, 0, 0, 0, 0, -0.004035457757833882, 0, 0, 0, 0, 0, 0, 0, 0, 0, 0, 0, 0, 0, 0.00324771440748853, 0, 0.005768913992221014, 0, 0, 0, 0, 0.0008341175721169273, 0.0007833850319418711, 0, 0, 0, 0, 0, 0, 0, 0, 0, 0, 0, -0.002708902479510724, 0, 0, 0, 0, 0, 0.003158458849230115, 0, 0, 0, 0, -0.002916263767941414, 0, 0, 0, 0, 0, 0, 0.0036950993302876742, 0, 0, 0, -0.004353246251099444, 0, 0, 0, 0.00018675931586139226, 0, 0, 0, 0.004982226643245481, 0, 0.0023713557115901092, 0, 0, 0, 0, 0, 0, 0, 0.0004271030929097519, 0.003859191689350549, 0, 0, 0, 0, 0, 0, 0, 0, -0.00413705633953826, 0, -0.005285439648577096, 0, 0, 0, 0, 0, 0, 0, 0, 0, 0, 0, 0.0064948561420679, 0, 0, 0, 0, 0, 0, 0, 0, 0, 0, 0, -9.488521474738209e-05, 0, 0, 0, 0, 0, 0, -0.004964428016694456, 0, 0, 0, 0, 0.0008323107469351944, 0, 0, 0, 0, 0, 0, -0.004167155035377864, 0, 8.22263238450397e-05, -0.001171127437264733, 0, 0, -0.0010348723056013455, 0, 0, -0.00040276118517700835, 0, -0.002947584210929227, 0, 0, 0, 0.0022863027121053374, 0, 0, -0.0006613750293175584, 0, 0, -0.004144143609085449, 0, 0, 0, 0, 0.0003020344644269132, 0.00843622212686852, 0, 0, 0, 0, 0, 0, 0, 0, 0, -0.00442204203461381, 0, 0, 0, 0, 0.0005519738374062795, 0, 0, 0.0017279519396779402, 0, 0, 0, 0, 0, 0, 0, 0, 0, 0.00365997970114701, 0, 0, 0, 0, 0, 0, 0, 0, 0, 0, 0.0035246617508912594, -0.0022948585089014257, 0.009392425947476043, 0, 0, 0, 0, 0, 0]
  Sharpe Ratio (TEST):   0.365
  Sharpe 95% CI (TEST):  (np.float64(-0.911), np.float64(1.551))

Rolling 6:
  Daily Returns (TEST): [0, 0, 0, 0, 0, 0, 0, -0.004759773091216026, 0, 0, 0, 0, 0, 0, 0, 0, 0, 0, -0.0006445348175847393, 0.004225863799604192, 0, 0.00040961496065173154, -0.008067955896739604, 0, 0, 0, 0, 0, 0, 0.010087511515199198, 0.005597495887335478, 0, 0, 0, 0, 0, -0.002500721101943308, 0, 0, 0, 0, -0.0024827578327643257, 0, 0, 0, 0, 0, 0.009495325591459117, 0, 0, 0, 0, 0, -0.005033770992051034, 0, 0.001897843978305334, 0, 0, 0, 0, 0, -0.004761956881710431, 0, 0.00037345117019849355, 0, 0, -0.0007495670775523118, 0, 0, 0, 0, 0, 0, 0, 0, 0.0011897476397969905, 0.003377385919621076, 0, 0, 0, -0.005832574865167378, 0, 0, 0, 0, 0, 0, 0, 0, 0, 0, 0, 0, 0, 0, 0, 0, 0, 0, 0, 0, 0.0005512543426941971, 0, 0, 0, -0.00499951919591464, 0, 0, 0, -0.00457074966766589, 0, 0, 0, 0, 0, 0.0017616667204180417, 0, 0, 0.0125532135731216, 0, 0, 0, 0, 0, 0, 0, 0, 0, 0, 0, 0, 0, 0, 0, 0, 0, 0, 0, -0.0050733275213881955, 0, 0, 0, 0, 0, 0, -0.00529093982128943, 0, 0, 0, 0, 0, 0, 0, 0, 0, -0.000733730399672764, 0, 0.005444879131591857, 0, 0, 0, 0, 0, 0, 0, 0, 0, 0, 0, 0, 0, 0, 0, 0, 0, 0, 0, 0, 0, 0, 0, 0, 0, 0.0004468413482357006, -0.00140837874894574, 0, 0, 0, 0, 0, 0, -0.003848084323239081, 0, 0, 0, 0, 0, 0, 0, 0, 0, 0, 0.004899927091272991, 0, 0, 0, 0, 0, 0.0007761093233074463, -0.0037106152786675053, 0, 0.004177002849026289, 0, 0.001804300347948134, 0, 0, -0.00309532639275269, 0, 0, 0, 0.0017466806544371317, 0, 0, 0, 0, 0, 0, 0, 0, 0, 0, 0, 0, 0, 0, 0, 0, 0.0003016647426572817, 0, 0, 0, 0, 0, 0.004063946863607307, 0.0063967774016906115, 0, 0, 0, 0, 0, -0.005130640614461513, 0, 0, 0, 0, -0.004338387150666533, 0, 0, 0, 0.0038041275734131677, 0, 0, -0.0008988400450922213, 0, 0, 0, 0, 0, 0, 0.00153578087145877, 0, 0, 0, 0, 0, 0.007820802853391498, 0, 0, 0, 0, 0, 0, 0, 0, 0, 0, 0, 0, 0.0014469636925651163, 0, 0, 0, 0, 0, 0, 0, 0, 0, 0, 0, 0, -0.004035457757833882, 0, 0, 0, 0, 0, 0, 0, 0, 0, 0, 0, 0, 0, 0.00324771440748853, 0, 0.005768913992221014, 0, 0, 0, 0, 0.0008341175721169273, 0.0007833850319418711, 0, 0, 0, 0, 0, 0, 0, 0, 0, 0, 0, -0.002708902479510724, 0, 0, 0, 0, 0, 0.003158458849230115, 0, 0, 0, 0, -0.002916263767941414, 0, 0, 0, 0, 0, 0, 0.0036950993302876742, 0, 0, 0, -0.004353246251099444, 0, 0, 0, 0.00018675931586139226, 0, 0, 0, 0.004982226643245481, 0, 0.0023713557115901092, 0, 0, 0, 0, 0, 0, 0, 0.0004271030929097519, 0.003859191689350549, 0, 0, 0, 0, 0, 0, 0, 0, -0.00413705633953826, 0, -0.005285439648577096, 0, 0, 0, 0, 0, 0, 0, 0, 0, 0, 0, 0.0064948561420679, 0, 0, 0, 0, 0, 0, 0, 0, 0, 0, 0, -9.488521474738209e-05, 0, 0, 0, 0, 0, 0, -0.004964428016694456, 0, 0, 0, 0, 0.0008323107469351944, 0, 0, 0, 0, 0, 0, -0.004167155035377864, 0, 8.22263238450397e-05, -0.001171127437264733, 0, 0, -0.0010348723056013455, 0, 0, -0.00040276118517700835, 0, -0.002947584210929227, 0, 0, 0, 0.0022863027121053374, 0, 0, -0.0006613750293175584, 0, 0, -0.004144143609085449, 0, 0, 0, 0, 0.0003020344644269132, 0.00843622212686852, 0, 0, 0, 0, 0, 0, 0, 0, 0, -0.00442204203461381, 0, 0, 0, 0, 0.0005519738374062795, 0, 0, 0.0017279519396779402, 0, 0, 0, 0, 0, 0, 0, 0, 0, 0.00365997970114701, 0, 0, 0, 0, 0, 0, 0, 0, 0, 0, 0.0035246617508912594, -0.0022948585089014257, 0.009392425947476043, 0, 0, 0, 0, 0, 0]
  Sharpe Ratio (TEST):   0.631
  Sharpe 95% CI (TEST):  (np.float64(-0.768), np.float64(1.961))

Rolling 7:
  Daily Returns (TEST): [0.0005512543426941971, 0, 0, 0, -0.00499951919591464, 0, 0, 0, -0.00457074966766589, 0, 0, 0, 0, 0, 0.0017616667204180417, 0, 0, 0.0125532135731216, 0, 0, 0, 0, 0, 0, 0, 0, 0, 0, 0, 0, 0, 0, 0, 0, 0, 0, 0, -0.0050733275213881955, 0, 0, 0, 0, 0, 0, -0.00529093982128943, 0, 0, 0, 0, 0, 0, 0, 0, 0, -0.000733730399672764, 0, 0.005444879131591857, 0, 0, 0, 0, 0, 0, 0, 0, 0, 0, 0, 0, 0, 0, 0, 0, 0, 0, 0, 0, 0, 0, 0, 0, 0, 0.0004468413482357006, -0.00140837874894574, 0, 0, 0, 0, 0, 0, -0.003848084323239081, 0, 0, 0, 0, 0, 0, 0, 0, 0, 0, 0.004899927091272991, 0, 0, 0, 0, 0, 0.0007761093233074463, -0.0037106152786675053, 0, 0.004177002849026289, 0, 0.001804300347948134, 0, 0, -0.00309532639275269, 0, 0, 0, 0.0017466806544371317, 0, 0, 0, 0, 0, 0, 0, 0, 0, 0, 0, 0, 0, 0, 0, 0, 0.0003016647426572817, 0, 0, 0, 0, 0, 0.004063946863607307, 0.0063967774016906115, 0, 0, 0, 0, 0, -0.005130640614461513, 0, 0, 0, 0, -0.004338387150666533, 0, 0, 0, 0.0038041275734131677, 0, 0, -0.0008988400450922213, 0, 0, 0, 0, 0, 0, 0.00153578087145877, 0, 0, 0, 0, 0, 0.007820802853391498, 0, 0, 0, 0, 0, 0, 0, 0, 0, 0, 0, 0, 0.0014469636925651163, 0, 0, 0, 0, 0, 0, 0, 0, 0, 0, 0, 0, -0.004035457757833882, 0, 0, 0, 0, 0, 0, 0, 0, 0, 0, 0, 0, 0, 0.00324771440748853, 0, 0.005768913992221014, 0, 0, 0, 0, 0.0008341175721169273, 0.0007833850319418711, 0, 0, 0, 0, 0, 0, 0, 0, 0, 0, 0, -0.002708902479510724, 0, 0, 0, 0, 0, 0.003158458849230115, 0, 0, 0, 0, -0.002916263767941414, 0, 0, 0, 0, 0, 0, 0.0036950993302876742, 0, 0, 0, -0.004353246251099444, 0, 0, 0, 0.00018675931586139226, 0, 0, 0, 0.004982226643245481, 0, 0.0023713557115901092, 0, 0, 0, 0, 0, 0, 0, 0.0004271030929097519, 0.003859191689350549, 0, 0, 0, 0, 0, 0, 0, 0, -0.00413705633953826, 0, -0.005285439648577096, 0, 0, 0, 0, 0, 0, 0, 0, 0, 0, 0, 0.0064948561420679, 0, 0, 0, 0, 0, 0, 0, 0, 0, 0, 0, -9.488521474738209e-05, 0, 0, 0, 0, 0, 0, -0.004964428016694456, 0, 0, 0, 0, 0.0008323107469351944, 0, 0, 0, 0, 0, 0, -0.004167155035377864, 0, 8.22263238450397e-05, -0.001171127437264733, 0, 0, -0.0010348723056013455, 0, 0, -0.00040276118517700835, 0, -0.002947584210929227, 0, 0, 0, 0.0022863027121053374, 0, 0, -0.0006613750293175584, 0, 0, -0.004144143609085449, 0, 0, 0, 0, 0.0003020344644269132, 0.00843622212686852, 0, 0, 0, 0, 0, 0, 0, 0, 0, -0.00442204203461381, 0, 0, 0, 0, 0.0005519738374062795, 0, 0, 0.0017279519396779402, 0, 0, 0, 0, 0, 0, 0, 0, 0, 0.00365997970114701, 0, 0, 0, 0, 0, 0, 0, 0, 0, 0, 0.0035246617508912594, -0.0022948585089014257, 0.009392425947476043, 0, 0, 0, 0, 0, 0]
  Sharpe Ratio (TEST):   0.791
  Sharpe 95% CI (TEST):  (np.float64(-0.703), np.float64(2.213))

Rolling 8:
  Daily Returns (TEST): [0.004899927091272991, 0, 0, 0, 0, 0, 0.0007761093233074463, -0.0037106152786675053, 0, 0.004177002849026289, 0, 0.001804300347948134, 0, 0, -0.00309532639275269, 0, 0, 0, 0.0017466806544371317, 0, 0, 0, 0, 0, 0, 0, 0, 0, 0, 0, 0, 0, 0, 0, 0, 0.0003016647426572817, 0, 0, 0, 0, 0, 0.004063946863607307, 0.0063967774016906115, 0, 0, 0, 0, 0, -0.005130640614461513, 0, 0, 0, 0, -0.004338387150666533, 0, 0, 0, 0.0038041275734131677, 0, 0, -0.0008988400450922213, 0, 0, 0, 0, 0, 0, 0.00153578087145877, 0, 0, 0, 0, 0, 0.007820802853391498, 0, 0, 0, 0, 0, 0, 0, 0, 0, 0, 0, 0, 0.0014469636925651163, 0, 0, 0, 0, 0, 0, 0, 0, 0, 0, 0, 0, -0.004035457757833882, 0, 0, 0, 0, 0, 0, 0, 0, 0, 0, 0, 0, 0, 0.00324771440748853, 0, 0.005768913992221014, 0, 0, 0, 0, 0.0008341175721169273, 0.0007833850319418711, 0, 0, 0, 0, 0, 0, 0, 0, 0, 0, 0, -0.002708902479510724, 0, 0, 0, 0, 0, 0.003158458849230115, 0, 0, 0, 0, -0.002916263767941414, 0, 0, 0, 0, 0, 0, 0.0036950993302876742, 0, 0, 0, -0.004353246251099444, 0, 0, 0, 0.00018675931586139226, 0, 0, 0, 0.004982226643245481, 0, 0.0023713557115901092, 0, 0, 0, 0, 0, 0, 0, 0.0004271030929097519, 0.003859191689350549, 0, 0, 0, 0, 0, 0, 0, 0, -0.00413705633953826, 0, -0.005285439648577096, 0, 0, 0, 0, 0, 0, 0, 0, 0, 0, 0, 0.0064948561420679, 0, 0, 0, 0, 0, 0, 0, 0, 0, 0, 0, -9.488521474738209e-05, 0, 0, 0, 0, 0, 0, -0.004964428016694456, 0, 0, 0, 0, 0.0008323107469351944, 0, 0, 0, 0, 0, 0, -0.004167155035377864, 0, 8.22263238450397e-05, -0.001171127437264733, 0, 0, -0.0010348723056013455, 0, 0, -0.00040276118517700835, 0, -0.002947584210929227, 0, 0, 0, 0.0022863027121053374, 0, 0, -0.0006613750293175584, 0, 0, -0.004144143609085449, 0, 0, 0, 0, 0.0003020344644269132, 0.00843622212686852, 0, 0, 0, 0, 0, 0, 0, 0, 0, -0.00442204203461381, 0, 0, 0, 0, 0.0005519738374062795, 0, 0, 0.0017279519396779402, 0, 0, 0, 0, 0, 0, 0, 0, 0, 0.00365997970114701, 0, 0, 0, 0, 0, 0, 0, 0, 0, 0, 0.0035246617508912594, -0.0022948585089014257, 0.009392425947476043, 0, 0, 0, 0, 0, 0]
  Sharpe Ratio (TEST):   1.243
  Sharpe 95% CI (TEST):  (np.float64(-0.491), np.float64(2.893))

Rolling 9:
  Daily Returns (TEST): [0, 0, 0, 0, 0, 0, 0, 0, 0, 0, 0, 0, 0.00324771440748853, 0, 0.005768913992221014, 0, 0, 0, 0, 0.0008341175721169273, 0.0007833850319418711, 0, 0, 0, 0, 0, 0, 0, 0, 0, 0, 0, -0.002708902479510724, 0, 0, 0, 0, 0, 0.003158458849230115, 0, 0, 0, 0, -0.002916263767941414, 0, 0, 0, 0, 0, 0, 0.0036950993302876742, 0, 0, 0, -0.004353246251099444, 0, 0, 0, 0.00018675931586139226, 0, 0, 0, 0.004982226643245481, 0, 0.0023713557115901092, 0, 0, 0, 0, 0, 0, 0, 0.0004271030929097519, 0.003859191689350549, 0, 0, 0, 0, 0, 0, 0, 0, -0.00413705633953826, 0, -0.005285439648577096, 0, 0, 0, 0, 0, 0, 0, 0, 0, 0, 0, 0.0064948561420679, 0, 0, 0, 0, 0, 0, 0, 0, 0, 0, 0, -9.488521474738209e-05, 0, 0, 0, 0, 0, 0, -0.004964428016694456, 0, 0, 0, 0, 0.0008323107469351944, 0, 0, 0, 0, 0, 0, -0.004167155035377864, 0, 8.22263238450397e-05, -0.001171127437264733, 0, 0, -0.0010348723056013455, 0, 0, -0.00040276118517700835, 0, -0.002947584210929227, 0, 0, 0, 0.0022863027121053374, 0, 0, -0.0006613750293175584, 0, 0, -0.004144143609085449, 0, 0, 0, 0, 0.0003020344644269132, 0.00843622212686852, 0, 0, 0, 0, 0, 0, 0, 0, 0, -0.00442204203461381, 0, 0, 0, 0, 0.0005519738374062795, 0, 0, 0.0017279519396779402, 0, 0, 0, 0, 0, 0, 0, 0, 0, 0.00365997970114701, 0, 0, 0, 0, 0, 0, 0, 0, 0, 0, 0.0035246617508912594, -0.0022948585089014257, 0.009392425947476043, 0, 0, 0, 0, 0, 0]
  Sharpe Ratio (TEST):   1.017
  Sharpe 95% CI (TEST):  (np.float64(-1.206), np.float64(3.025))

Rolling 10:
  Daily Returns (TEST): [0, 0, 0, 0, 0, 0, 0, -9.488521474738209e-05, 0, 0, 0, 0, 0, 0, -0.004964428016694456, 0, 0, 0, 0, 0.0008323107469351944, 0, 0, 0, 0, 0, 0, -0.004167155035377864, 0, 8.22263238450397e-05, -0.001171127437264733, 0, 0, -0.0010348723056013455, 0, 0, -0.00040276118517700835, 0, -0.002947584210929227, 0, 0, 0, 0.0022863027121053374, 0, 0, -0.0006613750293175584, 0, 0, -0.004144143609085449, 0, 0, 0, 0, 0.0003020344644269132, 0.00843622212686852, 0, 0, 0, 0, 0, 0, 0, 0, 0, -0.00442204203461381, 0, 0, 0, 0, 0.0005519738374062795, 0, 0, 0.0017279519396779402, 0, 0, 0, 0, 0, 0, 0, 0, 0, 0.00365997970114701, 0, 0, 0, 0, 0, 0, 0, 0, 0, 0, 0.0035246617508912594, -0.0022948585089014257, 0.009392425947476043, 0, 0, 0, 0, 0, 0]
  Sharpe Ratio (TEST):   0.414
  Sharpe 95% CI (TEST):  (np.float64(-3.087), np.float64(3.028))
