
========== Variant atr_0.5_10 ==========

Rolling 0:
  Daily Returns (TEST): [0, 0, 0, 0, 0, 0, 0, 0, 0.0045710191932189885, 0, 0, -0.00478377602214183, 0.005461039225299824, 0, -0.005562064858479148, 0, -0.003920792932388844, 0.0031837662905624016, 0, 0, -0.001793125957267737, -0.00559317445757698, 0, 0, -0.002533006891905999, 0, 0, 0, 0, -0.005631789198891809, 0, 0, 0, 0, 0, 0, 0, 0, 0, 0, 0, 0, 0, 0, 0, 0, 0, 0, 0, 0, 0, 0, 0.0014973419202119326, 0, 0, 0, 0, 0, 0, 0, 0, 0, 0, 0, 0, 0, 0.006460273679242854, 0, 0, 0.018206184618749958, 0, 0, 0, 0, 0, -0.001714436093717346, 0, 0, 0, 0, 0.0003178898317897667, 0, 0, 0, 0, 0, 0.004297899881022986, 0.005306001898547191, -4.222405619638023e-05, 0, 0, 0, -0.004188035500414578, 0, 0, 0, 0, 0, 0, 0, 0.0011655245361975662, -0.000543534826704889, 0, 0, -0.0032399862849569836, 0, 0, 0, 0.013755758943755567, 0, 0, 0, 0, 0, 0, 0, 0, 0, 0, 0, 0, 0, 0, 0, 0, 0, 0, 0, 0, 0, 0, 0, 0, 0, 0, 0, 0, 0, 0, 0, 0, 0, 0, 0, 0, 0, 0.0015402974604154947, 0, 0, 0, 0, 0, 0, 0, 0.0012219680156533793, 0, 0, 0, 0, 0, 0, -0.0004220339756360977, 0, 0, -0.00019398937242535823, -0.0030321010967435495, -0.00277043193552449, 0, 0, 0, 0, 0.001054960204210773, 0, 0, 0, 0, 0, 0, -0.0045068548918870835, 0, 0, 0, -0.0027877775537827783, 0.0015556620901706366, 0, 0, 0, 0, 0, 0, 0, 0, 0, 0, 0, 0, 0, 0, 0, 0, 0, 0, 0, 0, 0, 0, 0, 0, 0, 0, 0, 0, 0, 0, 0, 0, 0, 0, 0, 0, 0, 0, -0.004071503130520698, 0, 0, -0.002119351532476436, 0, 0, 0, 0, 0, 0.008816094067626049, -0.0034161718066597012, 0, 0, 0, 0, -0.003566834627697125, 0, 0.0025450976225279164, 0, 0, 0, 0, 0, 0.0020829582653371422, -0.004991799462570192, 0, 0, 0, 0, 0, -0.005121035575617078, 0, 0, 0, 0, 0.0026152039063030903, 0, 0, 0, 0, 0.0012431934192079267, -0.0015940028125262526, 0, 0, 0, 0, 0, 0, 0, 0, 0, 0, 0, 0, 0, 0, 0, 0, 0, 0, 0, 0, 0, 0, 0, 0, 0, 0, 0, 0, 0, 0, 0, 0, -0.003550797912526004, 0, 0, 0, 0, 0, 0, 0, 0, 0, 0, 0, 0, -0.012516031712845519, 0, 0, 0, 0, -0.0007011847058777276, 0, 0, 0, 0, 0, 0, -0.004000545528935762, 0, 0, 0, 0, 0.004003932997752071, 0, -0.003330164525291169, 0, 0, 0, 0, 0, 0, 0, 0, 0, 0, 0, 0.0001106881243501901, 0, 0.0009407449276851944, 0, 0, 0, 0, 0, 0, 0, 0, 0, 0, 0, 0, 0, 0, 0, 0, 0, 0, 0, 0, 0, 0, 0, 0, 0, 0, 0, 0, -0.0034435234511055197, 0, 0, 0, 0, 0, 0.0013664299779223216, 0, 0, 0, 0, 0, 0, -0.0038516863015489945, 0, 0, 0, 0, 0, 0, 0, 0.0073392563813791415, 0, 0, 0, 0, 0, 0, 0, 0, 0, 0, 0, 0, 0, -7.887181752231994e-06, 0, 0.005197693769865952, 0, 0, -0.0022127018501953877, 0, 0, 0, 0, 0, -0.0009122078575697276, 0, 0, 0, 0, 0.03226339651155467, 0, 0, 0, 0, 0, 0, 0, 0, 0, 0, 0, 0, 0, 0, 0, 0, 0, 0, 0, 0, 0, 0, 0, 0, 0, 0, 0, 0, 0, 0, 0, 0, 0, 0.0011342234286715997, 0, 0.010617251510425897, 0, 0, 0, 0, 0, 0, 0, 0, 0, -0.00441147963360629, 0, 0, 0, 0, 0, 0, 0, 0, 0, 0, 0, 0, 0, 0, -1.4994619149923333e-05, 0, 0, 0.006729635566388904, 0, 0.002701305537018424, 0, 0, 0, 0, 0, 0, 0, 0, -0.004836877252053799, 0, 0, 0, 0, 0, 0, 0, 0, 0, 0, 0, 0, 0, 0, 0, 0, 0, 0, 0, 0, 0, 0, 0, 0, 0, 0, 0, 0, 0, 0.00033344510966011365, -0.00045951122318495637, 0, 0, -0.003738071238141893, 0, -0.004122767700951831, 0, 0, 0, 0, 0, 0.0010740121266766213, 0, 0, 0, 0, 0.0018288343108627128, -0.0012541411210964001, 0, 0, 0.0070453223057187694, 0, 0, 0, 0, 0, 0.0025370733643377795, 0, 0, 0, 0, 0, 0, 0, 0, 0.009961566641868966, 0.002135155132071649, 0, 0, 0, 0, 0, 0, 0, 0, 0, 0, 0.011065612551417758, 0, 0, 0, 0, 0, 0, 0, 0, 0, 0, 0, 0, 0, 0, 0, 0, 0, 0, 0, 0, 0, 0, 0, 0, 0, 0, 0, 0, 0, 0, 0, 0, 0, 0, 0.004547364712229558, -0.004398904658125828, 0, 0, 0, 0, 0, 0, 0, 0, 0, 0, -0.00337143236132912, 0.0018759067930093163, 0, 0, 0.0027800405774704028, 0, 0, 0, 0, 0, 0, 0, 0, 0.0077187042880668445, 0, 0, 0, 0.009301051709027168, -0.00404586413602911, 0, 0, 0, 0, 0, 0, 0, -0.004135505649686854, 0, 0.0014060251994593958, -0.004012611063341933, -0.0008414534195428435, -0.004877977644425327, 0, 0, 0, 0, 0, 0, 0, 0, 0, 0, 0, 0, 0, 0, 0, 0, 0, 0, 0, 0, 0, 0, 0, 0, 0, 0, 0, 0, 0, 0, 0, 0, 0, 0, 0.00037163423868070587, 0.0015884664161964761, 0, 0, 0, 0, 0, 0, 0, 0, 0, 0, 0, 0, -0.0043412563698253465, 0, 0, 0, -0.0006165918253870864, -0.001828882013239209, 0.0005935022494467725, 0, 0, 0, 0, 0, -0.00391832950391741, 0, 0, 0, -0.001667685500000919, -0.0016353229762877711, 0, 0, 0, 0, 0, 0, 0, 0, -0.0034168269462387115, 0, 0, 0, 0.0004350752457060037, 0, 0, 0, 0, 0, 0, 0, 0, 0, 0, 0, 0, 0, 0, 0, 0, 0, 0, 0, 0, 0, 0, 0, 0, 0, 0, 0, 0, 0, 0, 0, 0, 0, 0, 0, 0, 0, 0, -0.001092790555910746, 0, 0, 0, 0, 0, 0, -0.003768739163481142, 0, 0, -0.003615111839024929, 0, 0, 0, 0, 0, 0, 0, 0, 0, 0.002089320315644623, 0.012414504325927014, 0, 0.0011665463530077115, 0, 0, 0, -0.004253505220462591, 0, 0.0005856178917385509, 0, 0, 0, 0, 0, 0, 0.00084457425863605, 0, 0, 0, 0, 0, 0, 0, 0, 0, 0, 0, 0, 0, 0, 0, 0, 0, 0, 0, 0, 0, 0, 0, 0, 0, 0, 0, 0, 0, 0, 0, -0.004008342385722456, 0.0006019988591749764, 0, 0, 0, 0, 0, 0, 0, 0, 0, 0, 0, 0, 0, 0, 0, 0, -0.0036878099867974187, 0, 0, 0, 0, 0, 0, 0, 0, 0.004742250752331561, 0, 0, 0, 0, 0, 0.00022365318845573624, 0, 0, 0, 0, 0, 0, -0.0003393853971551211, 0, 0, 0, 0, 0, 0, -0.004753008661903766, 0, 0, 0, 0, -0.003666979899117564, 0.03547854939278431, 0, 0, 0, 0, 0, 0, 0, 0, 0, 0, 0, 0, 0, 0, 0, 0, 0, 0, 0, 0, 0, 0, 0, 0, 0, 0, 0, 0, 0, 0, 0, 0, 0, -0.005170839226480218, 0, -0.0042979707372981756, -0.004842256274606524, 0, 0, 0, 0, 0, 0, 0, 0, 0.001371023025121974, 0, 0, 0, 0, 0, 0, 0, 0, -0.0018743387647668325, 0, 0, -0.0034549662388914785, 0, 0, 0, 0, 0, 0, 0, -0.001406431126078865, 0, 0, 0, 0.004867339690624891, 0, 0, 0, 0, -0.005189851364857557, 0.0490980984948338, 0, 0, 0, 0, 0, 0, 0, 0, 0, 0, 0, 0, 0, 0, 0, 0, 0, 0, 0, 0, 0, 0, 0, 0, 0, 0, 0, 0, 0, 0, 0, 0, 0, 0, 0, 0, 0, 0.009478140007274663, 0, 0, 0, 0.0037316226659761583, 0, 0, 0.009335534690451428, 0, 0, 0.0006597972154495938, 0.0008139001787489256, 0, 0, 0, 0, 0.0022509886678504566, 0, 0, 0.0032129825550633556, 0, 0, -0.004550860602379009, 0, 0, 0, 0, 0, 0, -0.0004182551219111126, 0, 0, 0, 0, 0, 0, 0, 0, 0.00845091677356075, 0, -0.001850151345100841, 0, 0, 0, 0, 0, 0, 0, 0, 0, 0, 0, 0, 0, 0, 0, 0, 0, 0, 0, 0, 0, 0, 0, 0, 0, 0, 0, 0, 0, 0, 0, -0.004102410336438538, 0, 0, 0, 0, 0.0004670147323475362, 0, 0, 0, 0, 0, -0.004320862052161545, 0, 0, 0, 0, 0, 0, 0, 0, 0, 0, 0, 0, 0, -0.001511222544692683, 0, 0, 0, 0, 0, 0, 0, 0, 0, 0.0038272774675024205, 0, 0]
  Sharpe Ratio (TEST):   0.726
  Sharpe 95% CI (TEST):  (np.float64(-0.193), np.float64(1.369))

Rolling 1:
  Daily Returns (TEST): [0, 0, -0.0032399862849569836, 0, 0, 0, 0.013755758943755567, 0, 0, 0, 0, 0, 0, 0, 0, 0, 0, 0, 0, 0, 0, 0, 0, 0, 0, 0, 0, 0, 0, 0, 0, 0, 0, 0, 0, 0, 0, 0, 0, 0, 0, 0, 0, 0, 0.0015402974604154947, 0, 0, 0, 0, 0, 0, 0, 0.0012219680156533793, 0, 0, 0, 0, 0, 0, -0.0004220339756360977, 0, 0, -0.00019398937242535823, -0.0030321010967435495, -0.00277043193552449, 0, 0, 0, 0, 0.001054960204210773, 0, 0, 0, 0, 0, 0, -0.0045068548918870835, 0, 0, 0, -0.0027877775537827783, 0.0015556620901706366, 0, 0, 0, 0, 0, 0, 0, 0, 0, 0, 0, 0, 0, 0, 0, 0, 0, 0, 0, 0, 0, 0, 0, 0, 0, 0, 0, 0, 0, 0, 0, 0, 0, 0, 0, 0, 0, 0, -0.004071503130520698, 0, 0, -0.002119351532476436, 0, 0, 0, 0, 0, 0.008816094067626049, -0.0034161718066597012, 0, 0, 0, 0, -0.003566834627697125, 0, 0.0025450976225279164, 0, 0, 0, 0, 0, 0.0020829582653371422, -0.004991799462570192, 0, 0, 0, 0, 0, -0.005121035575617078, 0, 0, 0, 0, 0.0026152039063030903, 0, 0, 0, 0, 0.0012431934192079267, -0.0015940028125262526, 0, 0, 0, 0, 0, 0, 0, 0, 0, 0, 0, 0, 0, 0, 0, 0, 0, 0, 0, 0, 0, 0, 0, 0, 0, 0, 0, 0, 0, 0, 0, 0, -0.003550797912526004, 0, 0, 0, 0, 0, 0, 0, 0, 0, 0, 0, 0, -0.012516031712845519, 0, 0, 0, 0, -0.0007011847058777276, 0, 0, 0, 0, 0, 0, -0.004000545528935762, 0, 0, 0, 0, 0.004003932997752071, 0, -0.003330164525291169, 0, 0, 0, 0, 0, 0, 0, 0, 0, 0, 0, 0.0001106881243501901, 0, 0.0009407449276851944, 0, 0, 0, 0, 0, 0, 0, 0, 0, 0, 0, 0, 0, 0, 0, 0, 0, 0, 0, 0, 0, 0, 0, 0, 0, 0, 0, 0, -0.0034435234511055197, 0, 0, 0, 0, 0, 0.0013664299779223216, 0, 0, 0, 0, 0, 0, -0.0038516863015489945, 0, 0, 0, 0, 0, 0, 0, 0.0073392563813791415, 0, 0, 0, 0, 0, 0, 0, 0, 0, 0, 0, 0, 0, -7.887181752231994e-06, 0, 0.005197693769865952, 0, 0, -0.0022127018501953877, 0, 0, 0, 0, 0, -0.0009122078575697276, 0, 0, 0, 0, 0.03226339651155467, 0, 0, 0, 0, 0, 0, 0, 0, 0, 0, 0, 0, 0, 0, 0, 0, 0, 0, 0, 0, 0, 0, 0, 0, 0, 0, 0, 0, 0, 0, 0, 0, 0, 0.0011342234286715997, 0, 0.010617251510425897, 0, 0, 0, 0, 0, 0, 0, 0, 0, -0.00441147963360629, 0, 0, 0, 0, 0, 0, 0, 0, 0, 0, 0, 0, 0, 0, -1.4994619149923333e-05, 0, 0, 0.006729635566388904, 0, 0.002701305537018424, 0, 0, 0, 0, 0, 0, 0, 0, -0.004836877252053799, 0, 0, 0, 0, 0, 0, 0, 0, 0, 0, 0, 0, 0, 0, 0, 0, 0, 0, 0, 0, 0, 0, 0, 0, 0, 0, 0, 0, 0, 0.00033344510966011365, -0.00045951122318495637, 0, 0, -0.003738071238141893, 0, -0.004122767700951831, 0, 0, 0, 0, 0, 0.0010740121266766213, 0, 0, 0, 0, 0.0018288343108627128, -0.0012541411210964001, 0, 0, 0.0070453223057187694, 0, 0, 0, 0, 0, 0.0025370733643377795, 0, 0, 0, 0, 0, 0, 0, 0, 0.009961566641868966, 0.002135155132071649, 0, 0, 0, 0, 0, 0, 0, 0, 0, 0, 0.011065612551417758, 0, 0, 0, 0, 0, 0, 0, 0, 0, 0, 0, 0, 0, 0, 0, 0, 0, 0, 0, 0, 0, 0, 0, 0, 0, 0, 0, 0, 0, 0, 0, 0, 0, 0, 0.004547364712229558, -0.004398904658125828, 0, 0, 0, 0, 0, 0, 0, 0, 0, 0, -0.00337143236132912, 0.0018759067930093163, 0, 0, 0.0027800405774704028, 0, 0, 0, 0, 0, 0, 0, 0, 0.0077187042880668445, 0, 0, 0, 0.009301051709027168, -0.00404586413602911, 0, 0, 0, 0, 0, 0, 0, -0.004135505649686854, 0, 0.0014060251994593958, -0.004012611063341933, -0.0008414534195428435, -0.004877977644425327, 0, 0, 0, 0, 0, 0, 0, 0, 0, 0, 0, 0, 0, 0, 0, 0, 0, 0, 0, 0, 0, 0, 0, 0, 0, 0, 0, 0, 0, 0, 0, 0, 0, 0, 0.00037163423868070587, 0.0015884664161964761, 0, 0, 0, 0, 0, 0, 0, 0, 0, 0, 0, 0, -0.0043412563698253465, 0, 0, 0, -0.0006165918253870864, -0.001828882013239209, 0.0005935022494467725, 0, 0, 0, 0, 0, -0.00391832950391741, 0, 0, 0, -0.001667685500000919, -0.0016353229762877711, 0, 0, 0, 0, 0, 0, 0, 0, -0.0034168269462387115, 0, 0, 0, 0.0004350752457060037, 0, 0, 0, 0, 0, 0, 0, 0, 0, 0, 0, 0, 0, 0, 0, 0, 0, 0, 0, 0, 0, 0, 0, 0, 0, 0, 0, 0, 0, 0, 0, 0, 0, 0, 0, 0, 0, 0, -0.001092790555910746, 0, 0, 0, 0, 0, 0, -0.003768739163481142, 0, 0, -0.003615111839024929, 0, 0, 0, 0, 0, 0, 0, 0, 0, 0.002089320315644623, 0.012414504325927014, 0, 0.0011665463530077115, 0, 0, 0, -0.004253505220462591, 0, 0.0005856178917385509, 0, 0, 0, 0, 0, 0, 0.00084457425863605, 0, 0, 0, 0, 0, 0, 0, 0, 0, 0, 0, 0, 0, 0, 0, 0, 0, 0, 0, 0, 0, 0, 0, 0, 0, 0, 0, 0, 0, 0, 0, -0.004008342385722456, 0.0006019988591749764, 0, 0, 0, 0, 0, 0, 0, 0, 0, 0, 0, 0, 0, 0, 0, 0, -0.0036878099867974187, 0, 0, 0, 0, 0, 0, 0, 0, 0.004742250752331561, 0, 0, 0, 0, 0, 0.00022365318845573624, 0, 0, 0, 0, 0, 0, -0.0003393853971551211, 0, 0, 0, 0, 0, 0, -0.004753008661903766, 0, 0, 0, 0, -0.003666979899117564, 0.03547854939278431, 0, 0, 0, 0, 0, 0, 0, 0, 0, 0, 0, 0, 0, 0, 0, 0, 0, 0, 0, 0, 0, 0, 0, 0, 0, 0, 0, 0, 0, 0, 0, 0, 0, -0.005170839226480218, 0, -0.0042979707372981756, -0.004842256274606524, 0, 0, 0, 0, 0, 0, 0, 0, 0.001371023025121974, 0, 0, 0, 0, 0, 0, 0, 0, -0.0018743387647668325, 0, 0, -0.0034549662388914785, 0, 0, 0, 0, 0, 0, 0, -0.001406431126078865, 0, 0, 0, 0.004867339690624891, 0, 0, 0, 0, -0.005189851364857557, 0.0490980984948338, 0, 0, 0, 0, 0, 0, 0, 0, 0, 0, 0, 0, 0, 0, 0, 0, 0, 0, 0, 0, 0, 0, 0, 0, 0, 0, 0, 0, 0, 0, 0, 0, 0, 0, 0, 0, 0, 0.009478140007274663, 0, 0, 0, 0.0037316226659761583, 0, 0, 0.009335534690451428, 0, 0, 0.0006597972154495938, 0.0008139001787489256, 0, 0, 0, 0, 0.0022509886678504566, 0, 0, 0.0032129825550633556, 0, 0, -0.004550860602379009, 0, 0, 0, 0, 0, 0, -0.0004182551219111126, 0, 0, 0, 0, 0, 0, 0, 0, 0.00845091677356075, 0, -0.001850151345100841, 0, 0, 0, 0, 0, 0, 0, 0, 0, 0, 0, 0, 0, 0, 0, 0, 0, 0, 0, 0, 0, 0, 0, 0, 0, 0, 0, 0, 0, 0, 0, -0.004102410336438538, 0, 0, 0, 0, 0.0004670147323475362, 0, 0, 0, 0, 0, -0.004320862052161545, 0, 0, 0, 0, 0, 0, 0, 0, 0, 0, 0, 0, 0, -0.001511222544692683, 0, 0, 0, 0, 0, 0, 0, 0, 0, 0.0038272774675024205, 0, 0]
  Sharpe Ratio (TEST):   0.712
  Sharpe 95% CI (TEST):  (np.float64(-0.228), np.float64(1.376))

Rolling 2:
  Daily Returns (TEST): [0, 0, 0, 0, 0, 0, 0, 0, 0, 0, 0, 0, 0, 0, 0, 0, 0, 0, -0.004071503130520698, 0, 0, -0.002119351532476436, 0, 0, 0, 0, 0, 0.008816094067626049, -0.0034161718066597012, 0, 0, 0, 0, -0.003566834627697125, 0, 0.0025450976225279164, 0, 0, 0, 0, 0, 0.0020829582653371422, -0.004991799462570192, 0, 0, 0, 0, 0, -0.005121035575617078, 0, 0, 0, 0, 0.0026152039063030903, 0, 0, 0, 0, 0.0012431934192079267, -0.0015940028125262526, 0, 0, 0, 0, 0, 0, 0, 0, 0, 0, 0, 0, 0, 0, 0, 0, 0, 0, 0, 0, 0, 0, 0, 0, 0, 0, 0, 0, 0, 0, 0, 0, -0.003550797912526004, 0, 0, 0, 0, 0, 0, 0, 0, 0, 0, 0, 0, -0.012516031712845519, 0, 0, 0, 0, -0.0007011847058777276, 0, 0, 0, 0, 0, 0, -0.004000545528935762, 0, 0, 0, 0, 0.004003932997752071, 0, -0.003330164525291169, 0, 0, 0, 0, 0, 0, 0, 0, 0, 0, 0, 0.0001106881243501901, 0, 0.0009407449276851944, 0, 0, 0, 0, 0, 0, 0, 0, 0, 0, 0, 0, 0, 0, 0, 0, 0, 0, 0, 0, 0, 0, 0, 0, 0, 0, 0, 0, -0.0034435234511055197, 0, 0, 0, 0, 0, 0.0013664299779223216, 0, 0, 0, 0, 0, 0, -0.0038516863015489945, 0, 0, 0, 0, 0, 0, 0, 0.0073392563813791415, 0, 0, 0, 0, 0, 0, 0, 0, 0, 0, 0, 0, 0, -7.887181752231994e-06, 0, 0.005197693769865952, 0, 0, -0.0022127018501953877, 0, 0, 0, 0, 0, -0.0009122078575697276, 0, 0, 0, 0, 0.03226339651155467, 0, 0, 0, 0, 0, 0, 0, 0, 0, 0, 0, 0, 0, 0, 0, 0, 0, 0, 0, 0, 0, 0, 0, 0, 0, 0, 0, 0, 0, 0, 0, 0, 0, 0.0011342234286715997, 0, 0.010617251510425897, 0, 0, 0, 0, 0, 0, 0, 0, 0, -0.00441147963360629, 0, 0, 0, 0, 0, 0, 0, 0, 0, 0, 0, 0, 0, 0, -1.4994619149923333e-05, 0, 0, 0.006729635566388904, 0, 0.002701305537018424, 0, 0, 0, 0, 0, 0, 0, 0, -0.004836877252053799, 0, 0, 0, 0, 0, 0, 0, 0, 0, 0, 0, 0, 0, 0, 0, 0, 0, 0, 0, 0, 0, 0, 0, 0, 0, 0, 0, 0, 0, 0.00033344510966011365, -0.00045951122318495637, 0, 0, -0.003738071238141893, 0, -0.004122767700951831, 0, 0, 0, 0, 0, 0.0010740121266766213, 0, 0, 0, 0, 0.0018288343108627128, -0.0012541411210964001, 0, 0, 0.0070453223057187694, 0, 0, 0, 0, 0, 0.0025370733643377795, 0, 0, 0, 0, 0, 0, 0, 0, 0.009961566641868966, 0.002135155132071649, 0, 0, 0, 0, 0, 0, 0, 0, 0, 0, 0.011065612551417758, 0, 0, 0, 0, 0, 0, 0, 0, 0, 0, 0, 0, 0, 0, 0, 0, 0, 0, 0, 0, 0, 0, 0, 0, 0, 0, 0, 0, 0, 0, 0, 0, 0, 0, 0.004547364712229558, -0.004398904658125828, 0, 0, 0, 0, 0, 0, 0, 0, 0, 0, -0.00337143236132912, 0.0018759067930093163, 0, 0, 0.0027800405774704028, 0, 0, 0, 0, 0, 0, 0, 0, 0.0077187042880668445, 0, 0, 0, 0.009301051709027168, -0.00404586413602911, 0, 0, 0, 0, 0, 0, 0, -0.004135505649686854, 0, 0.0014060251994593958, -0.004012611063341933, -0.0008414534195428435, -0.004877977644425327, 0, 0, 0, 0, 0, 0, 0, 0, 0, 0, 0, 0, 0, 0, 0, 0, 0, 0, 0, 0, 0, 0, 0, 0, 0, 0, 0, 0, 0, 0, 0, 0, 0, 0, 0.00037163423868070587, 0.0015884664161964761, 0, 0, 0, 0, 0, 0, 0, 0, 0, 0, 0, 0, -0.0043412563698253465, 0, 0, 0, -0.0006165918253870864, -0.001828882013239209, 0.0005935022494467725, 0, 0, 0, 0, 0, -0.00391832950391741, 0, 0, 0, -0.001667685500000919, -0.0016353229762877711, 0, 0, 0, 0, 0, 0, 0, 0, -0.0034168269462387115, 0, 0, 0, 0.0004350752457060037, 0, 0, 0, 0, 0, 0, 0, 0, 0, 0, 0, 0, 0, 0, 0, 0, 0, 0, 0, 0, 0, 0, 0, 0, 0, 0, 0, 0, 0, 0, 0, 0, 0, 0, 0, 0, 0, 0, -0.001092790555910746, 0, 0, 0, 0, 0, 0, -0.003768739163481142, 0, 0, -0.003615111839024929, 0, 0, 0, 0, 0, 0, 0, 0, 0, 0.002089320315644623, 0.012414504325927014, 0, 0.0011665463530077115, 0, 0, 0, -0.004253505220462591, 0, 0.0005856178917385509, 0, 0, 0, 0, 0, 0, 0.00084457425863605, 0, 0, 0, 0, 0, 0, 0, 0, 0, 0, 0, 0, 0, 0, 0, 0, 0, 0, 0, 0, 0, 0, 0, 0, 0, 0, 0, 0, 0, 0, 0, -0.004008342385722456, 0.0006019988591749764, 0, 0, 0, 0, 0, 0, 0, 0, 0, 0, 0, 0, 0, 0, 0, 0, -0.0036878099867974187, 0, 0, 0, 0, 0, 0, 0, 0, 0.004742250752331561, 0, 0, 0, 0, 0, 0.00022365318845573624, 0, 0, 0, 0, 0, 0, -0.0003393853971551211, 0, 0, 0, 0, 0, 0, -0.004753008661903766, 0, 0, 0, 0, -0.003666979899117564, 0.03547854939278431, 0, 0, 0, 0, 0, 0, 0, 0, 0, 0, 0, 0, 0, 0, 0, 0, 0, 0, 0, 0, 0, 0, 0, 0, 0, 0, 0, 0, 0, 0, 0, 0, 0, -0.005170839226480218, 0, -0.0042979707372981756, -0.004842256274606524, 0, 0, 0, 0, 0, 0, 0, 0, 0.001371023025121974, 0, 0, 0, 0, 0, 0, 0, 0, -0.0018743387647668325, 0, 0, -0.0034549662388914785, 0, 0, 0, 0, 0, 0, 0, -0.001406431126078865, 0, 0, 0, 0.004867339690624891, 0, 0, 0, 0, -0.005189851364857557, 0.0490980984948338, 0, 0, 0, 0, 0, 0, 0, 0, 0, 0, 0, 0, 0, 0, 0, 0, 0, 0, 0, 0, 0, 0, 0, 0, 0, 0, 0, 0, 0, 0, 0, 0, 0, 0, 0, 0, 0, 0.009478140007274663, 0, 0, 0, 0.0037316226659761583, 0, 0, 0.009335534690451428, 0, 0, 0.0006597972154495938, 0.0008139001787489256, 0, 0, 0, 0, 0.0022509886678504566, 0, 0, 0.0032129825550633556, 0, 0, -0.004550860602379009, 0, 0, 0, 0, 0, 0, -0.0004182551219111126, 0, 0, 0, 0, 0, 0, 0, 0, 0.00845091677356075, 0, -0.001850151345100841, 0, 0, 0, 0, 0, 0, 0, 0, 0, 0, 0, 0, 0, 0, 0, 0, 0, 0, 0, 0, 0, 0, 0, 0, 0, 0, 0, 0, 0, 0, 0, -0.004102410336438538, 0, 0, 0, 0, 0.0004670147323475362, 0, 0, 0, 0, 0, -0.004320862052161545, 0, 0, 0, 0, 0, 0, 0, 0, 0, 0, 0, 0, 0, -0.001511222544692683, 0, 0, 0, 0, 0, 0, 0, 0, 0, 0.0038272774675024205, 0, 0]
  Sharpe Ratio (TEST):   0.75
  Sharpe 95% CI (TEST):  (np.float64(-0.284), np.float64(1.428))

Rolling 3:
  Daily Returns (TEST): [0, 0, 0, -0.012516031712845519, 0, 0, 0, 0, -0.0007011847058777276, 0, 0, 0, 0, 0, 0, -0.004000545528935762, 0, 0, 0, 0, 0.004003932997752071, 0, -0.003330164525291169, 0, 0, 0, 0, 0, 0, 0, 0, 0, 0, 0, 0.0001106881243501901, 0, 0.0009407449276851944, 0, 0, 0, 0, 0, 0, 0, 0, 0, 0, 0, 0, 0, 0, 0, 0, 0, 0, 0, 0, 0, 0, 0, 0, 0, 0, 0, 0, -0.0034435234511055197, 0, 0, 0, 0, 0, 0.0013664299779223216, 0, 0, 0, 0, 0, 0, -0.0038516863015489945, 0, 0, 0, 0, 0, 0, 0, 0.0073392563813791415, 0, 0, 0, 0, 0, 0, 0, 0, 0, 0, 0, 0, 0, -7.887181752231994e-06, 0, 0.005197693769865952, 0, 0, -0.0022127018501953877, 0, 0, 0, 0, 0, -0.0009122078575697276, 0, 0, 0, 0, 0.03226339651155467, 0, 0, 0, 0, 0, 0, 0, 0, 0, 0, 0, 0, 0, 0, 0, 0, 0, 0, 0, 0, 0, 0, 0, 0, 0, 0, 0, 0, 0, 0, 0, 0, 0, 0.0011342234286715997, 0, 0.010617251510425897, 0, 0, 0, 0, 0, 0, 0, 0, 0, -0.00441147963360629, 0, 0, 0, 0, 0, 0, 0, 0, 0, 0, 0, 0, 0, 0, -1.4994619149923333e-05, 0, 0, 0.006729635566388904, 0, 0.002701305537018424, 0, 0, 0, 0, 0, 0, 0, 0, -0.004836877252053799, 0, 0, 0, 0, 0, 0, 0, 0, 0, 0, 0, 0, 0, 0, 0, 0, 0, 0, 0, 0, 0, 0, 0, 0, 0, 0, 0, 0, 0, 0.00033344510966011365, -0.00045951122318495637, 0, 0, -0.003738071238141893, 0, -0.004122767700951831, 0, 0, 0, 0, 0, 0.0010740121266766213, 0, 0, 0, 0, 0.0018288343108627128, -0.0012541411210964001, 0, 0, 0.0070453223057187694, 0, 0, 0, 0, 0, 0.0025370733643377795, 0, 0, 0, 0, 0, 0, 0, 0, 0.009961566641868966, 0.002135155132071649, 0, 0, 0, 0, 0, 0, 0, 0, 0, 0, 0.011065612551417758, 0, 0, 0, 0, 0, 0, 0, 0, 0, 0, 0, 0, 0, 0, 0, 0, 0, 0, 0, 0, 0, 0, 0, 0, 0, 0, 0, 0, 0, 0, 0, 0, 0, 0, 0.004547364712229558, -0.004398904658125828, 0, 0, 0, 0, 0, 0, 0, 0, 0, 0, -0.00337143236132912, 0.0018759067930093163, 0, 0, 0.0027800405774704028, 0, 0, 0, 0, 0, 0, 0, 0, 0.0077187042880668445, 0, 0, 0, 0.009301051709027168, -0.00404586413602911, 0, 0, 0, 0, 0, 0, 0, -0.004135505649686854, 0, 0.0014060251994593958, -0.004012611063341933, -0.0008414534195428435, -0.004877977644425327, 0, 0, 0, 0, 0, 0, 0, 0, 0, 0, 0, 0, 0, 0, 0, 0, 0, 0, 0, 0, 0, 0, 0, 0, 0, 0, 0, 0, 0, 0, 0, 0, 0, 0, 0.00037163423868070587, 0.0015884664161964761, 0, 0, 0, 0, 0, 0, 0, 0, 0, 0, 0, 0, -0.0043412563698253465, 0, 0, 0, -0.0006165918253870864, -0.001828882013239209, 0.0005935022494467725, 0, 0, 0, 0, 0, -0.00391832950391741, 0, 0, 0, -0.001667685500000919, -0.0016353229762877711, 0, 0, 0, 0, 0, 0, 0, 0, -0.0034168269462387115, 0, 0, 0, 0.0004350752457060037, 0, 0, 0, 0, 0, 0, 0, 0, 0, 0, 0, 0, 0, 0, 0, 0, 0, 0, 0, 0, 0, 0, 0, 0, 0, 0, 0, 0, 0, 0, 0, 0, 0, 0, 0, 0, 0, 0, -0.001092790555910746, 0, 0, 0, 0, 0, 0, -0.003768739163481142, 0, 0, -0.003615111839024929, 0, 0, 0, 0, 0, 0, 0, 0, 0, 0.002089320315644623, 0.012414504325927014, 0, 0.0011665463530077115, 0, 0, 0, -0.004253505220462591, 0, 0.0005856178917385509, 0, 0, 0, 0, 0, 0, 0.00084457425863605, 0, 0, 0, 0, 0, 0, 0, 0, 0, 0, 0, 0, 0, 0, 0, 0, 0, 0, 0, 0, 0, 0, 0, 0, 0, 0, 0, 0, 0, 0, 0, -0.004008342385722456, 0.0006019988591749764, 0, 0, 0, 0, 0, 0, 0, 0, 0, 0, 0, 0, 0, 0, 0, 0, -0.0036878099867974187, 0, 0, 0, 0, 0, 0, 0, 0, 0.004742250752331561, 0, 0, 0, 0, 0, 0.00022365318845573624, 0, 0, 0, 0, 0, 0, -0.0003393853971551211, 0, 0, 0, 0, 0, 0, -0.004753008661903766, 0, 0, 0, 0, -0.003666979899117564, 0.03547854939278431, 0, 0, 0, 0, 0, 0, 0, 0, 0, 0, 0, 0, 0, 0, 0, 0, 0, 0, 0, 0, 0, 0, 0, 0, 0, 0, 0, 0, 0, 0, 0, 0, 0, -0.005170839226480218, 0, -0.0042979707372981756, -0.004842256274606524, 0, 0, 0, 0, 0, 0, 0, 0, 0.001371023025121974, 0, 0, 0, 0, 0, 0, 0, 0, -0.0018743387647668325, 0, 0, -0.0034549662388914785, 0, 0, 0, 0, 0, 0, 0, -0.001406431126078865, 0, 0, 0, 0.004867339690624891, 0, 0, 0, 0, -0.005189851364857557, 0.0490980984948338, 0, 0, 0, 0, 0, 0, 0, 0, 0, 0, 0, 0, 0, 0, 0, 0, 0, 0, 0, 0, 0, 0, 0, 0, 0, 0, 0, 0, 0, 0, 0, 0, 0, 0, 0, 0, 0, 0.009478140007274663, 0, 0, 0, 0.0037316226659761583, 0, 0, 0.009335534690451428, 0, 0, 0.0006597972154495938, 0.0008139001787489256, 0, 0, 0, 0, 0.0022509886678504566, 0, 0, 0.0032129825550633556, 0, 0, -0.004550860602379009, 0, 0, 0, 0, 0, 0, -0.0004182551219111126, 0, 0, 0, 0, 0, 0, 0, 0, 0.00845091677356075, 0, -0.001850151345100841, 0, 0, 0, 0, 0, 0, 0, 0, 0, 0, 0, 0, 0, 0, 0, 0, 0, 0, 0, 0, 0, 0, 0, 0, 0, 0, 0, 0, 0, 0, 0, -0.004102410336438538, 0, 0, 0, 0, 0.0004670147323475362, 0, 0, 0, 0, 0, -0.004320862052161545, 0, 0, 0, 0, 0, 0, 0, 0, 0, 0, 0, 0, 0, -0.001511222544692683, 0, 0, 0, 0, 0, 0, 0, 0, 0, 0.0038272774675024205, 0, 0]
  Sharpe Ratio (TEST):   0.885
  Sharpe 95% CI (TEST):  (np.float64(-0.131), np.float64(1.583))

Rolling 4:
  Daily Returns (TEST): [0.005197693769865952, 0, 0, -0.0022127018501953877, 0, 0, 0, 0, 0, -0.0009122078575697276, 0, 0, 0, 0, 0.03226339651155467, 0, 0, 0, 0, 0, 0, 0, 0, 0, 0, 0, 0, 0, 0, 0, 0, 0, 0, 0, 0, 0, 0, 0, 0, 0, 0, 0, 0, 0, 0, 0, 0, 0, 0.0011342234286715997, 0, 0.010617251510425897, 0, 0, 0, 0, 0, 0, 0, 0, 0, -0.00441147963360629, 0, 0, 0, 0, 0, 0, 0, 0, 0, 0, 0, 0, 0, 0, -1.4994619149923333e-05, 0, 0, 0.006729635566388904, 0, 0.002701305537018424, 0, 0, 0, 0, 0, 0, 0, 0, -0.004836877252053799, 0, 0, 0, 0, 0, 0, 0, 0, 0, 0, 0, 0, 0, 0, 0, 0, 0, 0, 0, 0, 0, 0, 0, 0, 0, 0, 0, 0, 0, 0.00033344510966011365, -0.00045951122318495637, 0, 0, -0.003738071238141893, 0, -0.004122767700951831, 0, 0, 0, 0, 0, 0.0010740121266766213, 0, 0, 0, 0, 0.0018288343108627128, -0.0012541411210964001, 0, 0, 0.0070453223057187694, 0, 0, 0, 0, 0, 0.0025370733643377795, 0, 0, 0, 0, 0, 0, 0, 0, 0.009961566641868966, 0.002135155132071649, 0, 0, 0, 0, 0, 0, 0, 0, 0, 0, 0.011065612551417758, 0, 0, 0, 0, 0, 0, 0, 0, 0, 0, 0, 0, 0, 0, 0, 0, 0, 0, 0, 0, 0, 0, 0, 0, 0, 0, 0, 0, 0, 0, 0, 0, 0, 0, 0.004547364712229558, -0.004398904658125828, 0, 0, 0, 0, 0, 0, 0, 0, 0, 0, -0.00337143236132912, 0.0018759067930093163, 0, 0, 0.0027800405774704028, 0, 0, 0, 0, 0, 0, 0, 0, 0.0077187042880668445, 0, 0, 0, 0.009301051709027168, -0.00404586413602911, 0, 0, 0, 0, 0, 0, 0, -0.004135505649686854, 0, 0.0014060251994593958, -0.004012611063341933, -0.0008414534195428435, -0.004877977644425327, 0, 0, 0, 0, 0, 0, 0, 0, 0, 0, 0, 0, 0, 0, 0, 0, 0, 0, 0, 0, 0, 0, 0, 0, 0, 0, 0, 0, 0, 0, 0, 0, 0, 0, 0.00037163423868070587, 0.0015884664161964761, 0, 0, 0, 0, 0, 0, 0, 0, 0, 0, 0, 0, -0.0043412563698253465, 0, 0, 0, -0.0006165918253870864, -0.001828882013239209, 0.0005935022494467725, 0, 0, 0, 0, 0, -0.00391832950391741, 0, 0, 0, -0.001667685500000919, -0.0016353229762877711, 0, 0, 0, 0, 0, 0, 0, 0, -0.0034168269462387115, 0, 0, 0, 0.0004350752457060037, 0, 0, 0, 0, 0, 0, 0, 0, 0, 0, 0, 0, 0, 0, 0, 0, 0, 0, 0, 0, 0, 0, 0, 0, 0, 0, 0, 0, 0, 0, 0, 0, 0, 0, 0, 0, 0, 0, -0.001092790555910746, 0, 0, 0, 0, 0, 0, -0.003768739163481142, 0, 0, -0.003615111839024929, 0, 0, 0, 0, 0, 0, 0, 0, 0, 0.002089320315644623, 0.012414504325927014, 0, 0.0011665463530077115, 0, 0, 0, -0.004253505220462591, 0, 0.0005856178917385509, 0, 0, 0, 0, 0, 0, 0.00084457425863605, 0, 0, 0, 0, 0, 0, 0, 0, 0, 0, 0, 0, 0, 0, 0, 0, 0, 0, 0, 0, 0, 0, 0, 0, 0, 0, 0, 0, 0, 0, 0, -0.004008342385722456, 0.0006019988591749764, 0, 0, 0, 0, 0, 0, 0, 0, 0, 0, 0, 0, 0, 0, 0, 0, -0.0036878099867974187, 0, 0, 0, 0, 0, 0, 0, 0, 0.004742250752331561, 0, 0, 0, 0, 0, 0.00022365318845573624, 0, 0, 0, 0, 0, 0, -0.0003393853971551211, 0, 0, 0, 0, 0, 0, -0.004753008661903766, 0, 0, 0, 0, -0.003666979899117564, 0.03547854939278431, 0, 0, 0, 0, 0, 0, 0, 0, 0, 0, 0, 0, 0, 0, 0, 0, 0, 0, 0, 0, 0, 0, 0, 0, 0, 0, 0, 0, 0, 0, 0, 0, 0, -0.005170839226480218, 0, -0.0042979707372981756, -0.004842256274606524, 0, 0, 0, 0, 0, 0, 0, 0, 0.001371023025121974, 0, 0, 0, 0, 0, 0, 0, 0, -0.0018743387647668325, 0, 0, -0.0034549662388914785, 0, 0, 0, 0, 0, 0, 0, -0.001406431126078865, 0, 0, 0, 0.004867339690624891, 0, 0, 0, 0, -0.005189851364857557, 0.0490980984948338, 0, 0, 0, 0, 0, 0, 0, 0, 0, 0, 0, 0, 0, 0, 0, 0, 0, 0, 0, 0, 0, 0, 0, 0, 0, 0, 0, 0, 0, 0, 0, 0, 0, 0, 0, 0, 0, 0.009478140007274663, 0, 0, 0, 0.0037316226659761583, 0, 0, 0.009335534690451428, 0, 0, 0.0006597972154495938, 0.0008139001787489256, 0, 0, 0, 0, 0.0022509886678504566, 0, 0, 0.0032129825550633556, 0, 0, -0.004550860602379009, 0, 0, 0, 0, 0, 0, -0.0004182551219111126, 0, 0, 0, 0, 0, 0, 0, 0, 0.00845091677356075, 0, -0.001850151345100841, 0, 0, 0, 0, 0, 0, 0, 0, 0, 0, 0, 0, 0, 0, 0, 0, 0, 0, 0, 0, 0, 0, 0, 0, 0, 0, 0, 0, 0, 0, 0, -0.004102410336438538, 0, 0, 0, 0, 0.0004670147323475362, 0, 0, 0, 0, 0, -0.004320862052161545, 0, 0, 0, 0, 0, 0, 0, 0, 0, 0, 0, 0, 0, -0.001511222544692683, 0, 0, 0, 0, 0, 0, 0, 0, 0, 0.0038272774675024205, 0, 0]
  Sharpe Ratio (TEST):   1.073
  Sharpe 95% CI (TEST):  (np.float64(0.08), np.float64(1.794))

Rolling 5:
  Daily Returns (TEST): [0, 0, 0, 0, 0, 0, 0, 0, 0, 0, 0, 0, 0, 0, 0, 0, 0, 0.00033344510966011365, -0.00045951122318495637, 0, 0, -0.003738071238141893, 0, -0.004122767700951831, 0, 0, 0, 0, 0, 0.0010740121266766213, 0, 0, 0, 0, 0.0018288343108627128, -0.0012541411210964001, 0, 0, 0.0070453223057187694, 0, 0, 0, 0, 0, 0.0025370733643377795, 0, 0, 0, 0, 0, 0, 0, 0, 0.009961566641868966, 0.002135155132071649, 0, 0, 0, 0, 0, 0, 0, 0, 0, 0, 0.011065612551417758, 0, 0, 0, 0, 0, 0, 0, 0, 0, 0, 0, 0, 0, 0, 0, 0, 0, 0, 0, 0, 0, 0, 0, 0, 0, 0, 0, 0, 0, 0, 0, 0, 0, 0, 0.004547364712229558, -0.004398904658125828, 0, 0, 0, 0, 0, 0, 0, 0, 0, 0, -0.00337143236132912, 0.0018759067930093163, 0, 0, 0.0027800405774704028, 0, 0, 0, 0, 0, 0, 0, 0, 0.0077187042880668445, 0, 0, 0, 0.009301051709027168, -0.00404586413602911, 0, 0, 0, 0, 0, 0, 0, -0.004135505649686854, 0, 0.0014060251994593958, -0.004012611063341933, -0.0008414534195428435, -0.004877977644425327, 0, 0, 0, 0, 0, 0, 0, 0, 0, 0, 0, 0, 0, 0, 0, 0, 0, 0, 0, 0, 0, 0, 0, 0, 0, 0, 0, 0, 0, 0, 0, 0, 0, 0, 0.00037163423868070587, 0.0015884664161964761, 0, 0, 0, 0, 0, 0, 0, 0, 0, 0, 0, 0, -0.0043412563698253465, 0, 0, 0, -0.0006165918253870864, -0.001828882013239209, 0.0005935022494467725, 0, 0, 0, 0, 0, -0.00391832950391741, 0, 0, 0, -0.001667685500000919, -0.0016353229762877711, 0, 0, 0, 0, 0, 0, 0, 0, -0.0034168269462387115, 0, 0, 0, 0.0004350752457060037, 0, 0, 0, 0, 0, 0, 0, 0, 0, 0, 0, 0, 0, 0, 0, 0, 0, 0, 0, 0, 0, 0, 0, 0, 0, 0, 0, 0, 0, 0, 0, 0, 0, 0, 0, 0, 0, 0, -0.001092790555910746, 0, 0, 0, 0, 0, 0, -0.003768739163481142, 0, 0, -0.003615111839024929, 0, 0, 0, 0, 0, 0, 0, 0, 0, 0.002089320315644623, 0.012414504325927014, 0, 0.0011665463530077115, 0, 0, 0, -0.004253505220462591, 0, 0.0005856178917385509, 0, 0, 0, 0, 0, 0, 0.00084457425863605, 0, 0, 0, 0, 0, 0, 0, 0, 0, 0, 0, 0, 0, 0, 0, 0, 0, 0, 0, 0, 0, 0, 0, 0, 0, 0, 0, 0, 0, 0, 0, -0.004008342385722456, 0.0006019988591749764, 0, 0, 0, 0, 0, 0, 0, 0, 0, 0, 0, 0, 0, 0, 0, 0, -0.0036878099867974187, 0, 0, 0, 0, 0, 0, 0, 0, 0.004742250752331561, 0, 0, 0, 0, 0, 0.00022365318845573624, 0, 0, 0, 0, 0, 0, -0.0003393853971551211, 0, 0, 0, 0, 0, 0, -0.004753008661903766, 0, 0, 0, 0, -0.003666979899117564, 0.03547854939278431, 0, 0, 0, 0, 0, 0, 0, 0, 0, 0, 0, 0, 0, 0, 0, 0, 0, 0, 0, 0, 0, 0, 0, 0, 0, 0, 0, 0, 0, 0, 0, 0, 0, -0.005170839226480218, 0, -0.0042979707372981756, -0.004842256274606524, 0, 0, 0, 0, 0, 0, 0, 0, 0.001371023025121974, 0, 0, 0, 0, 0, 0, 0, 0, -0.0018743387647668325, 0, 0, -0.0034549662388914785, 0, 0, 0, 0, 0, 0, 0, -0.001406431126078865, 0, 0, 0, 0.004867339690624891, 0, 0, 0, 0, -0.005189851364857557, 0.0490980984948338, 0, 0, 0, 0, 0, 0, 0, 0, 0, 0, 0, 0, 0, 0, 0, 0, 0, 0, 0, 0, 0, 0, 0, 0, 0, 0, 0, 0, 0, 0, 0, 0, 0, 0, 0, 0, 0, 0.009478140007274663, 0, 0, 0, 0.0037316226659761583, 0, 0, 0.009335534690451428, 0, 0, 0.0006597972154495938, 0.0008139001787489256, 0, 0, 0, 0, 0.0022509886678504566, 0, 0, 0.0032129825550633556, 0, 0, -0.004550860602379009, 0, 0, 0, 0, 0, 0, -0.0004182551219111126, 0, 0, 0, 0, 0, 0, 0, 0, 0.00845091677356075, 0, -0.001850151345100841, 0, 0, 0, 0, 0, 0, 0, 0, 0, 0, 0, 0, 0, 0, 0, 0, 0, 0, 0, 0, 0, 0, 0, 0, 0, 0, 0, 0, 0, 0, 0, -0.004102410336438538, 0, 0, 0, 0, 0.0004670147323475362, 0, 0, 0, 0, 0, -0.004320862052161545, 0, 0, 0, 0, 0, 0, 0, 0, 0, 0, 0, 0, 0, -0.001511222544692683, 0, 0, 0, 0, 0, 0, 0, 0, 0, 0.0038272774675024205, 0, 0]
  Sharpe Ratio (TEST):   0.879
  Sharpe 95% CI (TEST):  (np.float64(-0.421), np.float64(1.673))

Rolling 6:
  Daily Returns (TEST): [-0.004398904658125828, 0, 0, 0, 0, 0, 0, 0, 0, 0, 0, -0.00337143236132912, 0.0018759067930093163, 0, 0, 0.0027800405774704028, 0, 0, 0, 0, 0, 0, 0, 0, 0.0077187042880668445, 0, 0, 0, 0.009301051709027168, -0.00404586413602911, 0, 0, 0, 0, 0, 0, 0, -0.004135505649686854, 0, 0.0014060251994593958, -0.004012611063341933, -0.0008414534195428435, -0.004877977644425327, 0, 0, 0, 0, 0, 0, 0, 0, 0, 0, 0, 0, 0, 0, 0, 0, 0, 0, 0, 0, 0, 0, 0, 0, 0, 0, 0, 0, 0, 0, 0, 0, 0, 0, 0.00037163423868070587, 0.0015884664161964761, 0, 0, 0, 0, 0, 0, 0, 0, 0, 0, 0, 0, -0.0043412563698253465, 0, 0, 0, -0.0006165918253870864, -0.001828882013239209, 0.0005935022494467725, 0, 0, 0, 0, 0, -0.00391832950391741, 0, 0, 0, -0.001667685500000919, -0.0016353229762877711, 0, 0, 0, 0, 0, 0, 0, 0, -0.0034168269462387115, 0, 0, 0, 0.0004350752457060037, 0, 0, 0, 0, 0, 0, 0, 0, 0, 0, 0, 0, 0, 0, 0, 0, 0, 0, 0, 0, 0, 0, 0, 0, 0, 0, 0, 0, 0, 0, 0, 0, 0, 0, 0, 0, 0, 0, -0.001092790555910746, 0, 0, 0, 0, 0, 0, -0.003768739163481142, 0, 0, -0.003615111839024929, 0, 0, 0, 0, 0, 0, 0, 0, 0, 0.002089320315644623, 0.012414504325927014, 0, 0.0011665463530077115, 0, 0, 0, -0.004253505220462591, 0, 0.0005856178917385509, 0, 0, 0, 0, 0, 0, 0.00084457425863605, 0, 0, 0, 0, 0, 0, 0, 0, 0, 0, 0, 0, 0, 0, 0, 0, 0, 0, 0, 0, 0, 0, 0, 0, 0, 0, 0, 0, 0, 0, 0, -0.004008342385722456, 0.0006019988591749764, 0, 0, 0, 0, 0, 0, 0, 0, 0, 0, 0, 0, 0, 0, 0, 0, -0.0036878099867974187, 0, 0, 0, 0, 0, 0, 0, 0, 0.004742250752331561, 0, 0, 0, 0, 0, 0.00022365318845573624, 0, 0, 0, 0, 0, 0, -0.0003393853971551211, 0, 0, 0, 0, 0, 0, -0.004753008661903766, 0, 0, 0, 0, -0.003666979899117564, 0.03547854939278431, 0, 0, 0, 0, 0, 0, 0, 0, 0, 0, 0, 0, 0, 0, 0, 0, 0, 0, 0, 0, 0, 0, 0, 0, 0, 0, 0, 0, 0, 0, 0, 0, 0, -0.005170839226480218, 0, -0.0042979707372981756, -0.004842256274606524, 0, 0, 0, 0, 0, 0, 0, 0, 0.001371023025121974, 0, 0, 0, 0, 0, 0, 0, 0, -0.0018743387647668325, 0, 0, -0.0034549662388914785, 0, 0, 0, 0, 0, 0, 0, -0.001406431126078865, 0, 0, 0, 0.004867339690624891, 0, 0, 0, 0, -0.005189851364857557, 0.0490980984948338, 0, 0, 0, 0, 0, 0, 0, 0, 0, 0, 0, 0, 0, 0, 0, 0, 0, 0, 0, 0, 0, 0, 0, 0, 0, 0, 0, 0, 0, 0, 0, 0, 0, 0, 0, 0, 0, 0.009478140007274663, 0, 0, 0, 0.0037316226659761583, 0, 0, 0.009335534690451428, 0, 0, 0.0006597972154495938, 0.0008139001787489256, 0, 0, 0, 0, 0.0022509886678504566, 0, 0, 0.0032129825550633556, 0, 0, -0.004550860602379009, 0, 0, 0, 0, 0, 0, -0.0004182551219111126, 0, 0, 0, 0, 0, 0, 0, 0, 0.00845091677356075, 0, -0.001850151345100841, 0, 0, 0, 0, 0, 0, 0, 0, 0, 0, 0, 0, 0, 0, 0, 0, 0, 0, 0, 0, 0, 0, 0, 0, 0, 0, 0, 0, 0, 0, 0, -0.004102410336438538, 0, 0, 0, 0, 0.0004670147323475362, 0, 0, 0, 0, 0, -0.004320862052161545, 0, 0, 0, 0, 0, 0, 0, 0, 0, 0, 0, 0, 0, -0.001511222544692683, 0, 0, 0, 0, 0, 0, 0, 0, 0, 0.0038272774675024205, 0, 0]
  Sharpe Ratio (TEST):   0.679
  Sharpe 95% CI (TEST):  (np.float64(-1.046), np.float64(1.556))

Rolling 7:
  Daily Returns (TEST): [0, 0, -0.00391832950391741, 0, 0, 0, -0.001667685500000919, -0.0016353229762877711, 0, 0, 0, 0, 0, 0, 0, 0, -0.0034168269462387115, 0, 0, 0, 0.0004350752457060037, 0, 0, 0, 0, 0, 0, 0, 0, 0, 0, 0, 0, 0, 0, 0, 0, 0, 0, 0, 0, 0, 0, 0, 0, 0, 0, 0, 0, 0, 0, 0, 0, 0, 0, 0, 0, 0, 0, -0.001092790555910746, 0, 0, 0, 0, 0, 0, -0.003768739163481142, 0, 0, -0.003615111839024929, 0, 0, 0, 0, 0, 0, 0, 0, 0, 0.002089320315644623, 0.012414504325927014, 0, 0.0011665463530077115, 0, 0, 0, -0.004253505220462591, 0, 0.0005856178917385509, 0, 0, 0, 0, 0, 0, 0.00084457425863605, 0, 0, 0, 0, 0, 0, 0, 0, 0, 0, 0, 0, 0, 0, 0, 0, 0, 0, 0, 0, 0, 0, 0, 0, 0, 0, 0, 0, 0, 0, 0, -0.004008342385722456, 0.0006019988591749764, 0, 0, 0, 0, 0, 0, 0, 0, 0, 0, 0, 0, 0, 0, 0, 0, -0.0036878099867974187, 0, 0, 0, 0, 0, 0, 0, 0, 0.004742250752331561, 0, 0, 0, 0, 0, 0.00022365318845573624, 0, 0, 0, 0, 0, 0, -0.0003393853971551211, 0, 0, 0, 0, 0, 0, -0.004753008661903766, 0, 0, 0, 0, -0.003666979899117564, 0.03547854939278431, 0, 0, 0, 0, 0, 0, 0, 0, 0, 0, 0, 0, 0, 0, 0, 0, 0, 0, 0, 0, 0, 0, 0, 0, 0, 0, 0, 0, 0, 0, 0, 0, 0, -0.005170839226480218, 0, -0.0042979707372981756, -0.004842256274606524, 0, 0, 0, 0, 0, 0, 0, 0, 0.001371023025121974, 0, 0, 0, 0, 0, 0, 0, 0, -0.0018743387647668325, 0, 0, -0.0034549662388914785, 0, 0, 0, 0, 0, 0, 0, -0.001406431126078865, 0, 0, 0, 0.004867339690624891, 0, 0, 0, 0, -0.005189851364857557, 0.0490980984948338, 0, 0, 0, 0, 0, 0, 0, 0, 0, 0, 0, 0, 0, 0, 0, 0, 0, 0, 0, 0, 0, 0, 0, 0, 0, 0, 0, 0, 0, 0, 0, 0, 0, 0, 0, 0, 0, 0.009478140007274663, 0, 0, 0, 0.0037316226659761583, 0, 0, 0.009335534690451428, 0, 0, 0.0006597972154495938, 0.0008139001787489256, 0, 0, 0, 0, 0.0022509886678504566, 0, 0, 0.0032129825550633556, 0, 0, -0.004550860602379009, 0, 0, 0, 0, 0, 0, -0.0004182551219111126, 0, 0, 0, 0, 0, 0, 0, 0, 0.00845091677356075, 0, -0.001850151345100841, 0, 0, 0, 0, 0, 0, 0, 0, 0, 0, 0, 0, 0, 0, 0, 0, 0, 0, 0, 0, 0, 0, 0, 0, 0, 0, 0, 0, 0, 0, 0, -0.004102410336438538, 0, 0, 0, 0, 0.0004670147323475362, 0, 0, 0, 0, 0, -0.004320862052161545, 0, 0, 0, 0, 0, 0, 0, 0, 0, 0, 0, 0, 0, -0.001511222544692683, 0, 0, 0, 0, 0, 0, 0, 0, 0, 0.0038272774675024205, 0, 0]
  Sharpe Ratio (TEST):   0.864
  Sharpe 95% CI (TEST):  (np.float64(-1.128), np.float64(1.774))

Rolling 8:
  Daily Returns (TEST): [0, 0, 0, 0, 0, 0, 0, 0, 0, 0, 0, 0, 0, 0, 0, 0, 0, 0, 0, 0, 0, 0, 0, 0, 0, 0, -0.004008342385722456, 0.0006019988591749764, 0, 0, 0, 0, 0, 0, 0, 0, 0, 0, 0, 0, 0, 0, 0, 0, -0.0036878099867974187, 0, 0, 0, 0, 0, 0, 0, 0, 0.004742250752331561, 0, 0, 0, 0, 0, 0.00022365318845573624, 0, 0, 0, 0, 0, 0, -0.0003393853971551211, 0, 0, 0, 0, 0, 0, -0.004753008661903766, 0, 0, 0, 0, -0.003666979899117564, 0.03547854939278431, 0, 0, 0, 0, 0, 0, 0, 0, 0, 0, 0, 0, 0, 0, 0, 0, 0, 0, 0, 0, 0, 0, 0, 0, 0, 0, 0, 0, 0, 0, 0, 0, 0, -0.005170839226480218, 0, -0.0042979707372981756, -0.004842256274606524, 0, 0, 0, 0, 0, 0, 0, 0, 0.001371023025121974, 0, 0, 0, 0, 0, 0, 0, 0, -0.0018743387647668325, 0, 0, -0.0034549662388914785, 0, 0, 0, 0, 0, 0, 0, -0.001406431126078865, 0, 0, 0, 0.004867339690624891, 0, 0, 0, 0, -0.005189851364857557, 0.0490980984948338, 0, 0, 0, 0, 0, 0, 0, 0, 0, 0, 0, 0, 0, 0, 0, 0, 0, 0, 0, 0, 0, 0, 0, 0, 0, 0, 0, 0, 0, 0, 0, 0, 0, 0, 0, 0, 0, 0.009478140007274663, 0, 0, 0, 0.0037316226659761583, 0, 0, 0.009335534690451428, 0, 0, 0.0006597972154495938, 0.0008139001787489256, 0, 0, 0, 0, 0.0022509886678504566, 0, 0, 0.0032129825550633556, 0, 0, -0.004550860602379009, 0, 0, 0, 0, 0, 0, -0.0004182551219111126, 0, 0, 0, 0, 0, 0, 0, 0, 0.00845091677356075, 0, -0.001850151345100841, 0, 0, 0, 0, 0, 0, 0, 0, 0, 0, 0, 0, 0, 0, 0, 0, 0, 0, 0, 0, 0, 0, 0, 0, 0, 0, 0, 0, 0, 0, 0, -0.004102410336438538, 0, 0, 0, 0, 0.0004670147323475362, 0, 0, 0, 0, 0, -0.004320862052161545, 0, 0, 0, 0, 0, 0, 0, 0, 0, 0, 0, 0, 0, -0.001511222544692683, 0, 0, 0, 0, 0, 0, 0, 0, 0, 0.0038272774675024205, 0, 0]
  Sharpe Ratio (TEST):   1.108
  Sharpe 95% CI (TEST):  (np.float64(-1.044), np.float64(2.09))

Rolling 9:
  Daily Returns (TEST): [0, 0, 0, 0, 0, 0, 0, 0, 0, 0, 0, 0, -0.005170839226480218, 0, -0.0042979707372981756, -0.004842256274606524, 0, 0, 0, 0, 0, 0, 0, 0, 0.001371023025121974, 0, 0, 0, 0, 0, 0, 0, 0, -0.0018743387647668325, 0, 0, -0.0034549662388914785, 0, 0, 0, 0, 0, 0, 0, -0.001406431126078865, 0, 0, 0, 0.004867339690624891, 0, 0, 0, 0, -0.005189851364857557, 0.0490980984948338, 0, 0, 0, 0, 0, 0, 0, 0, 0, 0, 0, 0, 0, 0, 0, 0, 0, 0, 0, 0, 0, 0, 0, 0, 0, 0, 0, 0, 0, 0, 0, 0, 0, 0, 0, 0, 0, 0.009478140007274663, 0, 0, 0, 0.0037316226659761583, 0, 0, 0.009335534690451428, 0, 0, 0.0006597972154495938, 0.0008139001787489256, 0, 0, 0, 0, 0.0022509886678504566, 0, 0, 0.0032129825550633556, 0, 0, -0.004550860602379009, 0, 0, 0, 0, 0, 0, -0.0004182551219111126, 0, 0, 0, 0, 0, 0, 0, 0, 0.00845091677356075, 0, -0.001850151345100841, 0, 0, 0, 0, 0, 0, 0, 0, 0, 0, 0, 0, 0, 0, 0, 0, 0, 0, 0, 0, 0, 0, 0, 0, 0, 0, 0, 0, 0, 0, 0, -0.004102410336438538, 0, 0, 0, 0, 0.0004670147323475362, 0, 0, 0, 0, 0, -0.004320862052161545, 0, 0, 0, 0, 0, 0, 0, 0, 0, 0, 0, 0, 0, -0.001511222544692683, 0, 0, 0, 0, 0, 0, 0, 0, 0, 0.0038272774675024205, 0, 0]
  Sharpe Ratio (TEST):   1.131
  Sharpe 95% CI (TEST):  (np.float64(-1.575), np.float64(2.348))

Rolling 10:
  Daily Returns (TEST): [0, 0.0006597972154495938, 0.0008139001787489256, 0, 0, 0, 0, 0.0022509886678504566, 0, 0, 0.0032129825550633556, 0, 0, -0.004550860602379009, 0, 0, 0, 0, 0, 0, -0.0004182551219111126, 0, 0, 0, 0, 0, 0, 0, 0, 0.00845091677356075, 0, -0.001850151345100841, 0, 0, 0, 0, 0, 0, 0, 0, 0, 0, 0, 0, 0, 0, 0, 0, 0, 0, 0, 0, 0, 0, 0, 0, 0, 0, 0, 0, 0, 0, 0, -0.004102410336438538, 0, 0, 0, 0, 0.0004670147323475362, 0, 0, 0, 0, 0, -0.004320862052161545, 0, 0, 0, 0, 0, 0, 0, 0, 0, 0, 0, 0, 0, -0.001511222544692683, 0, 0, 0, 0, 0, 0, 0, 0, 0, 0.0038272774675024205, 0, 0]
  Sharpe Ratio (TEST):   0.359
  Sharpe 95% CI (TEST):  (np.float64(-3.022), np.float64(3.122))
