Rolling 0 - Variant 0 - 10_12 - Fit Metrics
Trade Returns: [-151.5, -151.5, 273.4999999999961, -151.5, -63.99999999999449, -151.5, -151.5, 1486, -151.5, -151.5, -151.5, -151.5, 1061.0000000000482, -151.5, -151.5, -151.5, -151.5, -151.5, -151.5, -151.5, -151.5, -151.5, -151.5, 1486, -151.5, 860.9999999999592, -151.5, -151.5, 1486, -151.5, -151.5, -151.5, -151.5, -151.5, 136.000000000039, -151.5, -151.5, 1486, -151.5, -151.5, -151.5, -151.5, -151.5, 1486, -151.5, -151.5, -151.5, -151.5, -151.5, -151.5, -151.5, -151.5, -151.5, -151.5, -151.5, -151.5, -151.5, -151.5, -151.5, -151.5, -151.5, 473.50000000002956, 198.50000000000435, -151.5, -151.5, -151.5, -151.5, 461.0000000000032, -151.5, 585.9999999999894, -26.50000000002638, 1486, -151.5, -151.5, 860.9999999999592, -151.5, 298.50000000004883, -151.5, -151.5, -151.5, 260.9999999999697, -151.5, 835.9999999999619]
Daily Returns: [-151.5, -151.5, 0, 273.4999999999961, -215.4999999999945, 0, 0, 0, 0, 0, 0, -151.5, 0, 0, 0, 0, 0, 0, 0, 0, 0, 0, -151.5, 0, 0, 0, 0, 0, 0, 0, 0, 1486, 0, -151.5, 0, 0, -151.5, 0, 0, 0, -151.5, 0, 0, 0, 0, -151.5, 909.5000000000482, 0, 0, 0, 0, 0]
Sharpe Ratio: 0.094
Annualized Sharpe: 1.488
Sharpe 95% CI: (np.float64(-7.192), np.float64(4.148))
Daily Win Rate (%): 25.0
Max Drawdown: -606.0
Profit Factor: 1.87
Expectancy: 23.875
Trades Per Month (Global): 6.916666666666667
Total Days: 52

Rolling 0 - Variant 0 - 10_12 - Test Metrics
Trade Returns: [-151.5, -151.5, 273.4999999999961, -151.5, -63.99999999999449, -151.5, -151.5, 1486, -151.5, -151.5, -151.5, -151.5, 1061.0000000000482, -151.5, -151.5, -151.5, -151.5, -151.5, -151.5, -151.5, -151.5, -151.5, -151.5, 1486, -151.5, 860.9999999999592, -151.5, -151.5, 1486, -151.5, -151.5, -151.5, -151.5, -151.5, 136.000000000039, -151.5, -151.5, 1486, -151.5, -151.5, -151.5, -151.5, -151.5, 1486, -151.5, -151.5, -151.5, -151.5, -151.5, -151.5, -151.5, -151.5, -151.5, -151.5, -151.5, -151.5, -151.5, -151.5, -151.5, -151.5, -151.5, 473.50000000002956, 198.50000000000435, -151.5, -151.5, -151.5, -151.5, 461.0000000000032, -151.5, 585.9999999999894, -26.50000000002638, 1486, -151.5, -151.5, 860.9999999999592, -151.5, 298.50000000004883, -151.5, -151.5, -151.5, 260.9999999999697, -151.5, 835.9999999999619]
Daily Returns: [0, 0, 0, 0, 0, -151.5, 0, 0, 0, 0, 0, -151.5, 0, -151.5, 0, 0, 0, 0, -151.5, 0, 0, 0, 0, -303.0, 0, 0, 0, 0, 0, 0, -151.5, 0, 0, 0, 0, -151.5, 0, -151.5, 0, 0, 0, 0, 0, 1334.5, 0, 0, 0, 0, 0, 860.9999999999592, 0, 0, 0, 0, 0, 0, -303.0, 0, 0, 0, 1486, 0, 0, -151.5, 0, 0, 0, 0, 0, -151.5, 0, -303.0, 0, -15.499999999961005, 0, 0, 0, 0, 0, 0, 0, 0, 0, -151.5, -151.5, 0, 0, 0, 0, 0, 1486, -151.5, 0, 0, 0, 0, 0, 0, 0, 0, 0, 0, 0, -151.5, 0, 0, 0, 0, 0, -151.5, 0, 0, 0, 0, -151.5, 0, 0, 0, 0, 0, 0, 0, 0, 0, 0, -151.5, 0, 0, 0, 1486, 0, -151.5, 0, -151.5, 0, 0, 0, 0, 0, 0, 0, 0, 0, -454.5, -454.5, 0, 0, 0, 0, 0, -151.5, 0, 0, -151.5, 0, -303.0, 0, 0, 0, 0, 0, 0, 0, 0, 0, 0, 0, -303.0, 0, 0, 0, 0, 0, 0, 0, 0, 0, 0, 0, -151.5, 0, 0, 0, 0, 0, 0, -151.5, 0, 0, 0, 0, 0, -151.5, 0, 0, 0, 0, 0, 0, 0, 0, 672.0000000000339, 0, 0, 0, 0, -151.5, -303.0, 0, -151.5, 0, 0, 0, 461.0000000000032, 0, 0, 434.4999999999894, 0, 0, 0, 0, -26.50000000002638, 0, 0, 1334.5, -151.5, 0, 1008.000000000008, 0, 0, 0, 0, 0, 0, 0, -151.5, -151.5, 0, 0, 0, -151.5, 0, 0, 109.4999999999697, 0, 0, 0, 0, 0, 0, 0, 0, 0, 835.9999999999619, 0, 0, 0, 0, 0, 0]
Sharpe Ratio: 0.069
Annualized Sharpe: 1.1
Sharpe 95% CI: (np.float64(-0.961), np.float64(2.544))
Daily Win Rate (%): 23.53
Max Drawdown: -2575.5
Profit Factor: 1.607
Expectancy: 16.717
Trades Per Month (Global): 6.916666666666667
Total Days: 260



Rolling 0 - Variant 1 - 10_10 - Fit Metrics
Trade Returns: [-151.5, -151.5, 273.4999999999961, -151.5, -63.99999999999449, -151.5, -151.5, 1236, -151.5, -151.5, -151.5, -151.5, 1236, -151.5, -151.5, -151.5, -151.5, -151.5, -151.5, -151.5, -151.5, -151.5, -151.5, 1236, -151.5, 1236, -151.5, -151.5, 1236, -151.5, -151.5, -151.5, -151.5, -151.5, 136.000000000039, -151.5, -151.5, 1236, -151.5, -151.5, -151.5, -151.5, -151.5, 1236, -151.5, -151.5, -151.5, -151.5, -151.5, -151.5, -151.5, -151.5, -151.5, -151.5, -151.5, -151.5, -151.5, -151.5, -151.5, -151.5, -151.5, 473.50000000002956, 198.50000000000435, -151.5, -151.5, -151.5, -151.5, 461.0000000000032, -151.5, 585.9999999999894, -26.50000000002638, 1236, -151.5, -151.5, 860.9999999999592, -151.5, 298.50000000004883, -151.5, -151.5, -151.5, 260.9999999999697, -151.5, 835.9999999999619]
Daily Returns: [-151.5, -151.5, 0, 273.4999999999961, -215.4999999999945, 0, 0, 0, 0, 0, 0, -151.5, 0, 0, 0, 0, 0, 0, 0, 0, 0, 0, -151.5, 0, 0, 0, 0, 0, 0, 0, 0, 1236, 0, -151.5, 0, 0, -151.5, 0, 0, 0, -151.5, 0, 0, 0, 0, -151.5, 1084.5, 0, 0, 0, 0, 0]
Sharpe Ratio: 0.093
Annualized Sharpe: 1.473
Sharpe 95% CI: (np.float64(-7.192), np.float64(4.205))
Daily Win Rate (%): 25.0
Max Drawdown: -606.0
Profit Factor: 1.817
Expectancy: 22.433
Trades Per Month (Global): 6.916666666666667
Total Days: 52

Rolling 0 - Variant 1 - 10_10 - Test Metrics
Trade Returns: [-151.5, -151.5, 273.4999999999961, -151.5, -63.99999999999449, -151.5, -151.5, 1236, -151.5, -151.5, -151.5, -151.5, 1236, -151.5, -151.5, -151.5, -151.5, -151.5, -151.5, -151.5, -151.5, -151.5, -151.5, 1236, -151.5, 1236, -151.5, -151.5, 1236, -151.5, -151.5, -151.5, -151.5, -151.5, 136.000000000039, -151.5, -151.5, 1236, -151.5, -151.5, -151.5, -151.5, -151.5, 1236, -151.5, -151.5, -151.5, -151.5, -151.5, -151.5, -151.5, -151.5, -151.5, -151.5, -151.5, -151.5, -151.5, -151.5, -151.5, -151.5, -151.5, 473.50000000002956, 198.50000000000435, -151.5, -151.5, -151.5, -151.5, 461.0000000000032, -151.5, 585.9999999999894, -26.50000000002638, 1236, -151.5, -151.5, 860.9999999999592, -151.5, 298.50000000004883, -151.5, -151.5, -151.5, 260.9999999999697, -151.5, 835.9999999999619]
Daily Returns: [0, 0, 0, 0, 0, -151.5, 0, 0, 0, 0, 0, -151.5, 0, -151.5, 0, 0, 0, 0, -151.5, 0, 0, 0, 0, -303.0, 0, 0, 0, 0, 0, 0, -151.5, 0, 0, 0, 0, -151.5, 0, -151.5, 0, 0, 0, 0, 0, 1084.5, 0, 0, 0, 0, 0, 1236, 0, 0, 0, 0, 0, 0, -303.0, 0, 0, 0, 1236, 0, 0, -151.5, 0, 0, 0, 0, 0, -151.5, 0, -303.0, 0, -15.499999999961005, 0, 0, 0, 0, 0, 0, 0, 0, 0, -151.5, -151.5, 0, 0, 0, 0, 0, 1236, -151.5, 0, 0, 0, 0, 0, 0, 0, 0, 0, 0, 0, -151.5, 0, 0, 0, 0, 0, -151.5, 0, 0, 0, 0, -151.5, 0, 0, 0, 0, 0, 0, 0, 0, 0, 0, -151.5, 0, 0, 0, 1236, 0, -151.5, 0, -151.5, 0, 0, 0, 0, 0, 0, 0, 0, 0, -454.5, -454.5, 0, 0, 0, 0, 0, -151.5, 0, 0, -151.5, 0, -303.0, 0, 0, 0, 0, 0, 0, 0, 0, 0, 0, 0, -303.0, 0, 0, 0, 0, 0, 0, 0, 0, 0, 0, 0, -151.5, 0, 0, 0, 0, 0, 0, -151.5, 0, 0, 0, 0, 0, -151.5, 0, 0, 0, 0, 0, 0, 0, 0, 672.0000000000339, 0, 0, 0, 0, -151.5, -303.0, 0, -151.5, 0, 0, 0, 461.0000000000032, 0, 0, 434.4999999999894, 0, 0, 0, 0, -26.50000000002638, 0, 0, 1084.5, -151.5, 0, 1008.000000000008, 0, 0, 0, 0, 0, 0, 0, -151.5, -151.5, 0, 0, 0, -151.5, 0, 0, 109.4999999999697, 0, 0, 0, 0, 0, 0, 0, 0, 0, 835.9999999999619, 0, 0, 0, 0, 0, 0]
Sharpe Ratio: 0.06
Annualized Sharpe: 0.96
Sharpe 95% CI: (np.float64(-1.143), np.float64(2.463))
Daily Win Rate (%): 23.53
Max Drawdown: -2575.5
Profit Factor: 1.485
Expectancy: 13.352
Trades Per Month (Global): 6.916666666666667
Total Days: 260



Rolling 0 - Variant 2 - 10_11 - Fit Metrics
Trade Returns: [-151.5, -151.5, 273.4999999999961, -151.5, -63.99999999999449, -151.5, -151.5, 1361, -151.5, -151.5, -151.5, -151.5, 1061.0000000000482, -151.5, -151.5, -151.5, -151.5, -151.5, -151.5, -151.5, -151.5, -151.5, -151.5, 1361, -151.5, 1361, -151.5, -151.5, 1361, -151.5, -151.5, -151.5, -151.5, -151.5, 136.000000000039, -151.5, -151.5, 1361, -151.5, -151.5, -151.5, -151.5, -151.5, 1361, -151.5, -151.5, -151.5, -151.5, -151.5, -151.5, -151.5, -151.5, -151.5, -151.5, -151.5, -151.5, -151.5, -151.5, -151.5, -151.5, -151.5, 473.50000000002956, 198.50000000000435, -151.5, -151.5, -151.5, -151.5, 461.0000000000032, -151.5, 585.9999999999894, -26.50000000002638, 1361, -151.5, -151.5, 860.9999999999592, -151.5, 298.50000000004883, -151.5, -151.5, -151.5, 260.9999999999697, -151.5, 835.9999999999619]
Daily Returns: [-151.5, -151.5, 0, 273.4999999999961, -215.4999999999945, 0, 0, 0, 0, 0, 0, -151.5, 0, 0, 0, 0, 0, 0, 0, 0, 0, 0, -151.5, 0, 0, 0, 0, 0, 0, 0, 0, 1361, 0, -151.5, 0, 0, -151.5, 0, 0, 0, -151.5, 0, 0, 0, 0, -151.5, 909.5000000000482, 0, 0, 0, 0, 0]
Sharpe Ratio: 0.089
Annualized Sharpe: 1.415
Sharpe 95% CI: (np.float64(-7.192), np.float64(4.116))
Daily Win Rate (%): 25.0
Max Drawdown: -606.0
Profit Factor: 1.782
Expectancy: 21.471
Trades Per Month (Global): 6.916666666666667
Total Days: 52

Rolling 0 - Variant 2 - 10_11 - Test Metrics
Trade Returns: [-151.5, -151.5, 273.4999999999961, -151.5, -63.99999999999449, -151.5, -151.5, 1361, -151.5, -151.5, -151.5, -151.5, 1061.0000000000482, -151.5, -151.5, -151.5, -151.5, -151.5, -151.5, -151.5, -151.5, -151.5, -151.5, 1361, -151.5, 1361, -151.5, -151.5, 1361, -151.5, -151.5, -151.5, -151.5, -151.5, 136.000000000039, -151.5, -151.5, 1361, -151.5, -151.5, -151.5, -151.5, -151.5, 1361, -151.5, -151.5, -151.5, -151.5, -151.5, -151.5, -151.5, -151.5, -151.5, -151.5, -151.5, -151.5, -151.5, -151.5, -151.5, -151.5, -151.5, 473.50000000002956, 198.50000000000435, -151.5, -151.5, -151.5, -151.5, 461.0000000000032, -151.5, 585.9999999999894, -26.50000000002638, 1361, -151.5, -151.5, 860.9999999999592, -151.5, 298.50000000004883, -151.5, -151.5, -151.5, 260.9999999999697, -151.5, 835.9999999999619]
Daily Returns: [0, 0, 0, 0, 0, -151.5, 0, 0, 0, 0, 0, -151.5, 0, -151.5, 0, 0, 0, 0, -151.5, 0, 0, 0, 0, -303.0, 0, 0, 0, 0, 0, 0, -151.5, 0, 0, 0, 0, -151.5, 0, -151.5, 0, 0, 0, 0, 0, 1209.5, 0, 0, 0, 0, 0, 1361, 0, 0, 0, 0, 0, 0, -303.0, 0, 0, 0, 1361, 0, 0, -151.5, 0, 0, 0, 0, 0, -151.5, 0, -303.0, 0, -15.499999999961005, 0, 0, 0, 0, 0, 0, 0, 0, 0, -151.5, -151.5, 0, 0, 0, 0, 0, 1361, -151.5, 0, 0, 0, 0, 0, 0, 0, 0, 0, 0, 0, -151.5, 0, 0, 0, 0, 0, -151.5, 0, 0, 0, 0, -151.5, 0, 0, 0, 0, 0, 0, 0, 0, 0, 0, -151.5, 0, 0, 0, 1361, 0, -151.5, 0, -151.5, 0, 0, 0, 0, 0, 0, 0, 0, 0, -454.5, -454.5, 0, 0, 0, 0, 0, -151.5, 0, 0, -151.5, 0, -303.0, 0, 0, 0, 0, 0, 0, 0, 0, 0, 0, 0, -303.0, 0, 0, 0, 0, 0, 0, 0, 0, 0, 0, 0, -151.5, 0, 0, 0, 0, 0, 0, -151.5, 0, 0, 0, 0, 0, -151.5, 0, 0, 0, 0, 0, 0, 0, 0, 672.0000000000339, 0, 0, 0, 0, -151.5, -303.0, 0, -151.5, 0, 0, 0, 461.0000000000032, 0, 0, 434.4999999999894, 0, 0, 0, 0, -26.50000000002638, 0, 0, 1209.5, -151.5, 0, 1008.000000000008, 0, 0, 0, 0, 0, 0, 0, -151.5, -151.5, 0, 0, 0, -151.5, 0, 0, 109.4999999999697, 0, 0, 0, 0, 0, 0, 0, 0, 0, 835.9999999999619, 0, 0, 0, 0, 0, 0]
Sharpe Ratio: 0.069
Annualized Sharpe: 1.09
Sharpe 95% CI: (np.float64(-1.002), np.float64(2.551))
Daily Win Rate (%): 23.53
Max Drawdown: -2575.5
Profit Factor: 1.589
Expectancy: 16.237
Trades Per Month (Global): 6.916666666666667
Total Days: 260



Rolling 0 - Variant 3 - 10_9 - Fit Metrics
Trade Returns: [-151.5, -151.5, 273.4999999999961, -151.5, -63.99999999999449, -151.5, -151.5, 1111, -151.5, -151.5, -151.5, -151.5, 1111, -151.5, -151.5, -151.5, -151.5, -151.5, -151.5, -151.5, -151.5, -151.5, -151.5, 1111, -151.5, 1111, -151.5, -151.5, 1111, -151.5, -151.5, -151.5, -151.5, -151.5, 136.000000000039, -151.5, -151.5, 1111, -151.5, -151.5, -151.5, 1111, -151.5, 1111, -151.5, -151.5, -151.5, -151.5, -151.5, -151.5, -151.5, -151.5, -151.5, -151.5, -151.5, -151.5, -151.5, -151.5, -151.5, -151.5, -151.5, 473.50000000002956, 198.50000000000435, -151.5, -151.5, -151.5, -151.5, 461.0000000000032, -151.5, 585.9999999999894, -26.50000000002638, 1111, -151.5, -151.5, 1111, -151.5, 298.50000000004883, -151.5, -151.5, -151.5, 260.9999999999697, -151.5, 835.9999999999619]
Daily Returns: [-151.5, -151.5, 0, 273.4999999999961, -215.4999999999945, 0, 0, 0, 0, 0, 0, -151.5, 0, 0, 0, 0, 0, 0, 0, 0, 0, 0, -151.5, 0, 0, 0, 0, 0, 0, 0, 0, 1111, 0, -151.5, 0, 0, -151.5, 0, 0, 0, -151.5, 0, 0, 0, 0, -151.5, 959.5, 0, 0, 0, 0, 0]
Sharpe Ratio: 0.081
Annualized Sharpe: 1.278
Sharpe 95% CI: (np.float64(-7.192), np.float64(4.108))
Daily Win Rate (%): 25.0
Max Drawdown: -606.0
Profit Factor: 1.642
Expectancy: 17.625
Trades Per Month (Global): 6.916666666666667
Total Days: 52

Rolling 0 - Variant 3 - 10_9 - Test Metrics
Trade Returns: [-151.5, -151.5, 273.4999999999961, -151.5, -63.99999999999449, -151.5, -151.5, 1111, -151.5, -151.5, -151.5, -151.5, 1111, -151.5, -151.5, -151.5, -151.5, -151.5, -151.5, -151.5, -151.5, -151.5, -151.5, 1111, -151.5, 1111, -151.5, -151.5, 1111, -151.5, -151.5, -151.5, -151.5, -151.5, 136.000000000039, -151.5, -151.5, 1111, -151.5, -151.5, -151.5, 1111, -151.5, 1111, -151.5, -151.5, -151.5, -151.5, -151.5, -151.5, -151.5, -151.5, -151.5, -151.5, -151.5, -151.5, -151.5, -151.5, -151.5, -151.5, -151.5, 473.50000000002956, 198.50000000000435, -151.5, -151.5, -151.5, -151.5, 461.0000000000032, -151.5, 585.9999999999894, -26.50000000002638, 1111, -151.5, -151.5, 1111, -151.5, 298.50000000004883, -151.5, -151.5, -151.5, 260.9999999999697, -151.5, 835.9999999999619]
Daily Returns: [0, 0, 0, 0, 0, -151.5, 0, 0, 0, 0, 0, -151.5, 0, -151.5, 0, 0, 0, 0, -151.5, 0, 0, 0, 0, -303.0, 0, 0, 0, 0, 0, 0, -151.5, 0, 0, 0, 0, -151.5, 0, -151.5, 0, 0, 0, 0, 0, 959.5, 0, 0, 0, 0, 0, 1111, 0, 0, 0, 0, 0, 0, -303.0, 0, 0, 0, 1111, 0, 0, -151.5, 0, 0, 0, 0, 0, -151.5, 0, -303.0, 0, -15.499999999961005, 0, 0, 0, 0, 0, 0, 0, 0, 0, -151.5, -151.5, 0, 0, 0, 0, 0, 1111, -151.5, 0, 0, 0, 0, 0, 0, 0, 0, 0, 0, 0, -151.5, 0, 0, 0, 0, 0, -151.5, 0, 0, 0, 0, 1111, 0, 0, 0, 0, 0, 0, 0, 0, 0, 0, -151.5, 0, 0, 0, 1111, 0, -151.5, 0, -151.5, 0, 0, 0, 0, 0, 0, 0, 0, 0, -454.5, -454.5, 0, 0, 0, 0, 0, -151.5, 0, 0, -151.5, 0, -303.0, 0, 0, 0, 0, 0, 0, 0, 0, 0, 0, 0, -303.0, 0, 0, 0, 0, 0, 0, 0, 0, 0, 0, 0, -151.5, 0, 0, 0, 0, 0, 0, -151.5, 0, 0, 0, 0, 0, -151.5, 0, 0, 0, 0, 0, 0, 0, 0, 672.0000000000339, 0, 0, 0, 0, -151.5, -303.0, 0, -151.5, 0, 0, 0, 461.0000000000032, 0, 0, 434.4999999999894, 0, 0, 0, 0, -26.50000000002638, 0, 0, 959.5, -151.5, 0, 1258.0000000000489, 0, 0, 0, 0, 0, 0, 0, -151.5, -151.5, 0, 0, 0, -151.5, 0, 0, 109.4999999999697, 0, 0, 0, 0, 0, 0, 0, 0, 0, 835.9999999999619, 0, 0, 0, 0, 0, 0]
Sharpe Ratio: 0.074
Annualized Sharpe: 1.168
Sharpe 95% CI: (np.float64(-0.881), np.float64(2.643))
Daily Win Rate (%): 25.49
Max Drawdown: -2575.5
Profit Factor: 1.604
Expectancy: 16.285
Trades Per Month (Global): 6.916666666666667
Total Days: 260



Rolling 0 - Variant 4 - 10_3 - Fit Metrics
Trade Returns: [361, -151.5, 273.4999999999961, -151.5, -63.99999999999449, -151.5, -151.5, 361, -151.5, -151.5, -151.5, 361, 361, -151.5, -151.5, 361, -151.5, -151.5, -151.5, -151.5, -151.5, -151.5, 361, 361, -151.5, 361, -151.5, -151.5, 361, -151.5, -151.5, -151.5, -151.5, 361, 136.000000000039, 361, -151.5, 361, -151.5, -151.5, 361, 361, 361, 361, -151.5, -151.5, -151.5, -151.5, -151.5, -151.5, -151.5, -151.5, -151.5, -151.5, -151.5, -151.5, -151.5, 361, -151.5, -151.5, -151.5, 361, 361, -151.5, -151.5, -151.5, -151.5, 361, -151.5, 361, -26.50000000002638, 361, -151.5, -151.5, 361, -151.5, 361, -151.5, -151.5, -151.5, 361, -151.5, 361]
Daily Returns: [361, -151.5, 0, 273.4999999999961, -215.4999999999945, 0, 0, 0, 0, 0, 0, -151.5, 0, 0, 0, 0, 0, 0, 0, 0, 0, 0, -151.5, 0, 0, 0, 0, 0, 0, 0, 0, 361, 0, -151.5, 0, 0, -151.5, 0, 0, 0, -151.5, 0, 0, 0, 0, 361, 209.5, 0, 0, 0, 0, 0]
Sharpe Ratio: 0.073
Annualized Sharpe: 1.159
Sharpe 95% CI: (np.float64(-3.882), np.float64(4.729))
Daily Win Rate (%): 41.67
Max Drawdown: -612.0
Profit Factor: 1.393
Expectancy: 8.49
Trades Per Month (Global): 6.916666666666667
Total Days: 52

Rolling 0 - Variant 4 - 10_3 - Test Metrics
Trade Returns: [361, -151.5, 273.4999999999961, -151.5, -63.99999999999449, -151.5, -151.5, 361, -151.5, -151.5, -151.5, 361, 361, -151.5, -151.5, 361, -151.5, -151.5, -151.5, -151.5, -151.5, -151.5, 361, 361, -151.5, 361, -151.5, -151.5, 361, -151.5, -151.5, -151.5, -151.5, 361, 136.000000000039, 361, -151.5, 361, -151.5, -151.5, 361, 361, 361, 361, -151.5, -151.5, -151.5, -151.5, -151.5, -151.5, -151.5, -151.5, -151.5, -151.5, -151.5, -151.5, -151.5, 361, -151.5, -151.5, -151.5, 361, 361, -151.5, -151.5, -151.5, -151.5, 361, -151.5, 361, -26.50000000002638, 361, -151.5, -151.5, 361, -151.5, 361, -151.5, -151.5, -151.5, 361, -151.5, 361]
Daily Returns: [0, 0, 0, 0, 0, -151.5, 0, 0, 0, 0, 0, 361, 0, -151.5, 0, 0, 0, 0, -151.5, 0, 0, 0, 0, -303.0, 0, 0, 0, 0, 0, 0, -151.5, 0, 0, 0, 0, -151.5, 0, 361, 0, 0, 0, 0, 0, 209.5, 0, 0, 0, 0, 0, 361, 0, 0, 0, 0, 0, 0, -303.0, 0, 0, 0, 361, 0, 0, -151.5, 0, 0, 0, 0, 0, -151.5, 0, -303.0, 0, 497.000000000039, 0, 0, 0, 0, 0, 0, 0, 0, 0, 361, -151.5, 0, 0, 0, 0, 0, 361, -151.5, 0, 0, 0, 0, 0, 0, 0, 0, 0, 0, 0, -151.5, 0, 0, 0, 0, 0, 361, 0, 0, 0, 0, 361, 0, 0, 0, 0, 0, 0, 0, 0, 0, 0, 361, 0, 0, 0, 361, 0, -151.5, 0, -151.5, 0, 0, 0, 0, 0, 0, 0, 0, 0, -454.5, -454.5, 0, 0, 0, 0, 0, -151.5, 0, 0, -151.5, 0, -303.0, 0, 0, 0, 0, 0, 0, 0, 0, 0, 0, 0, 209.5, 0, 0, 0, 0, 0, 0, 0, 0, 0, 0, 0, -151.5, 0, 0, 0, 0, 0, 0, -151.5, 0, 0, 0, 0, 0, -151.5, 0, 0, 0, 0, 0, 0, 0, 0, 722, 0, 0, 0, 0, -151.5, -303.0, 0, -151.5, 0, 0, 0, 361, 0, 0, 209.5, 0, 0, 0, 0, -26.50000000002638, 0, 0, 209.5, -151.5, 0, 570.5, 0, 0, 0, 0, 0, 0, 0, -151.5, -151.5, 0, 0, 0, -151.5, 0, 0, 209.5, 0, 0, 0, 0, 0, 0, 0, 0, 0, 361, 0, 0, 0, 0, 0, 0]
Sharpe Ratio: 0.037
Annualized Sharpe: 0.587
Sharpe 95% CI: (np.float64(-1.438), np.float64(2.28))
Daily Win Rate (%): 39.22
Max Drawdown: -2063.0
Profit Factor: 1.208
Expectancy: 4.746
Trades Per Month (Global): 6.916666666666667
Total Days: 260



Rolling 1 - Variant 0 - 10_11 - Fit Metrics
Trade Returns: [-151.5, -151.5, 273.4999999999961, -151.5, -63.99999999999449, -151.5, -151.5, 1361, -151.5, -151.5, -151.5, -151.5, 1061.0000000000482, -151.5, -151.5, -151.5, -151.5, -151.5, -151.5, -151.5, -151.5, -151.5, -151.5, 1361, -151.5, 1361, -151.5, -151.5, 1361, -151.5, -151.5, -151.5, -151.5, -151.5, 136.000000000039, -151.5, -151.5, 1361, -151.5, -151.5, -151.5, -151.5, -151.5, 1361, -151.5, -151.5, -151.5, -151.5, -151.5, -151.5, -151.5, -151.5, -151.5, -151.5, -151.5, -151.5, -151.5, -151.5, -151.5, -151.5, -151.5, 473.50000000002956, 198.50000000000435, -151.5, -151.5, -151.5, -151.5, 461.0000000000032, -151.5, 585.9999999999894, -26.50000000002638, 1361, -151.5, -151.5, 860.9999999999592, -151.5, 298.50000000004883, -151.5, -151.5, -151.5, 260.9999999999697, -151.5, 835.9999999999619]
Daily Returns: [-151.5, -151.5, 0, 273.4999999999961, -215.4999999999945, 0, 0, 0, 0, 0, 0, -151.5, 0, 0, 0, 0, 0, 0, 0, 0, 0, 0, -151.5, 0, 0, 0, 0, 0, 0, 0, 0, 1361, 0, -151.5, 0, 0, -151.5, 0, 0, 0, -151.5, 0, 0, 0, 0, -151.5, 909.5000000000482, 0, 0, 0, 0, 0, 0, 0, 0, 0, 0, -151.5, 0, 0, 0, 0, 0, -151.5, 0, -151.5, 0, 0, 0, 0, -151.5, 0, 0, 0, 0, -303.0, 0, 0, 0, 0, 0, 0, -151.5, 0, 0, 0, 0, -151.5, 0, -151.5, 0, 0, 0, 0, 0, 1209.5, 0, 0, 0, 0, 0, 1361, 0, 0]
Sharpe Ratio: 0.089
Annualized Sharpe: 1.412
Sharpe 95% CI: (np.float64(-2.708), np.float64(3.475))
Daily Win Rate (%): 22.73
Max Drawdown: -1363.5
Profit Factor: 1.832
Expectancy: 22.341
Trades Per Month (Global): 6.916666666666667
Total Days: 104

Rolling 1 - Variant 0 - 10_11 - Test Metrics
Trade Returns: [-151.5, -151.5, 273.4999999999961, -151.5, -63.99999999999449, -151.5, -151.5, 1361, -151.5, -151.5, -151.5, -151.5, 1061.0000000000482, -151.5, -151.5, -151.5, -151.5, -151.5, -151.5, -151.5, -151.5, -151.5, -151.5, 1361, -151.5, 1361, -151.5, -151.5, 1361, -151.5, -151.5, -151.5, -151.5, -151.5, 136.000000000039, -151.5, -151.5, 1361, -151.5, -151.5, -151.5, -151.5, -151.5, 1361, -151.5, -151.5, -151.5, -151.5, -151.5, -151.5, -151.5, -151.5, -151.5, -151.5, -151.5, -151.5, -151.5, -151.5, -151.5, -151.5, -151.5, 473.50000000002956, 198.50000000000435, -151.5, -151.5, -151.5, -151.5, 461.0000000000032, -151.5, 585.9999999999894, -26.50000000002638, 1361, -151.5, -151.5, 860.9999999999592, -151.5, 298.50000000004883, -151.5, -151.5, -151.5, 260.9999999999697, -151.5, 835.9999999999619]
Daily Returns: [0, 0, 0, 0, -303.0, 0, 0, 0, 1361, 0, 0, -151.5, 0, 0, 0, 0, 0, -151.5, 0, -303.0, 0, -15.499999999961005, 0, 0, 0, 0, 0, 0, 0, 0, 0, -151.5, -151.5, 0, 0, 0, 0, 0, 1361, -151.5, 0, 0, 0, 0, 0, 0, 0, 0, 0, 0, 0, -151.5, 0, 0, 0, 0, 0, -151.5, 0, 0, 0, 0, -151.5, 0, 0, 0, 0, 0, 0, 0, 0, 0, 0, -151.5, 0, 0, 0, 1361, 0, -151.5, 0, -151.5, 0, 0, 0, 0, 0, 0, 0, 0, 0, -454.5, -454.5, 0, 0, 0, 0, 0, -151.5, 0, 0, -151.5, 0, -303.0, 0, 0, 0, 0, 0, 0, 0, 0, 0, 0, 0, -303.0, 0, 0, 0, 0, 0, 0, 0, 0, 0, 0, 0, -151.5, 0, 0, 0, 0, 0, 0, -151.5, 0, 0, 0, 0, 0, -151.5, 0, 0, 0, 0, 0, 0, 0, 0, 672.0000000000339, 0, 0, 0, 0, -151.5, -303.0, 0, -151.5, 0, 0, 0, 461.0000000000032, 0, 0, 434.4999999999894, 0, 0, 0, 0, -26.50000000002638, 0, 0, 1209.5, -151.5, 0, 1008.000000000008, 0, 0, 0, 0, 0, 0, 0, -151.5, -151.5, 0, 0, 0, -151.5, 0, 0, 109.4999999999697, 0, 0, 0, 0, 0, 0, 0, 0, 0, 835.9999999999619, 0, 0, 0, 0, 0, 0]
Sharpe Ratio: 0.063
Annualized Sharpe: 1.001
Sharpe 95% CI: (np.float64(-1.438), np.float64(2.642))
Daily Win Rate (%): 24.39
Max Drawdown: -2575.5
Profit Factor: 1.52
Expectancy: 14.493
Trades Per Month (Global): 6.916666666666667
Total Days: 208



Rolling 1 - Variant 1 - 10_10 - Fit Metrics
Trade Returns: [-151.5, -151.5, 273.4999999999961, -151.5, -63.99999999999449, -151.5, -151.5, 1236, -151.5, -151.5, -151.5, -151.5, 1236, -151.5, -151.5, -151.5, -151.5, -151.5, -151.5, -151.5, -151.5, -151.5, -151.5, 1236, -151.5, 1236, -151.5, -151.5, 1236, -151.5, -151.5, -151.5, -151.5, -151.5, 136.000000000039, -151.5, -151.5, 1236, -151.5, -151.5, -151.5, -151.5, -151.5, 1236, -151.5, -151.5, -151.5, -151.5, -151.5, -151.5, -151.5, -151.5, -151.5, -151.5, -151.5, -151.5, -151.5, -151.5, -151.5, -151.5, -151.5, 473.50000000002956, 198.50000000000435, -151.5, -151.5, -151.5, -151.5, 461.0000000000032, -151.5, 585.9999999999894, -26.50000000002638, 1236, -151.5, -151.5, 860.9999999999592, -151.5, 298.50000000004883, -151.5, -151.5, -151.5, 260.9999999999697, -151.5, 835.9999999999619]
Daily Returns: [-151.5, -151.5, 0, 273.4999999999961, -215.4999999999945, 0, 0, 0, 0, 0, 0, -151.5, 0, 0, 0, 0, 0, 0, 0, 0, 0, 0, -151.5, 0, 0, 0, 0, 0, 0, 0, 0, 1236, 0, -151.5, 0, 0, -151.5, 0, 0, 0, -151.5, 0, 0, 0, 0, -151.5, 1084.5, 0, 0, 0, 0, 0, 0, 0, 0, 0, 0, -151.5, 0, 0, 0, 0, 0, -151.5, 0, -151.5, 0, 0, 0, 0, -151.5, 0, 0, 0, 0, -303.0, 0, 0, 0, 0, 0, 0, -151.5, 0, 0, 0, 0, -151.5, 0, -151.5, 0, 0, 0, 0, 0, 1084.5, 0, 0, 0, 0, 0, 1236, 0, 0]
Sharpe Ratio: 0.085
Annualized Sharpe: 1.352
Sharpe 95% CI: (np.float64(-2.627), np.float64(3.454))
Daily Win Rate (%): 22.73
Max Drawdown: -1363.5
Profit Factor: 1.761
Expectancy: 20.418
Trades Per Month (Global): 6.916666666666667
Total Days: 104

Rolling 1 - Variant 1 - 10_10 - Test Metrics
Trade Returns: [-151.5, -151.5, 273.4999999999961, -151.5, -63.99999999999449, -151.5, -151.5, 1236, -151.5, -151.5, -151.5, -151.5, 1236, -151.5, -151.5, -151.5, -151.5, -151.5, -151.5, -151.5, -151.5, -151.5, -151.5, 1236, -151.5, 1236, -151.5, -151.5, 1236, -151.5, -151.5, -151.5, -151.5, -151.5, 136.000000000039, -151.5, -151.5, 1236, -151.5, -151.5, -151.5, -151.5, -151.5, 1236, -151.5, -151.5, -151.5, -151.5, -151.5, -151.5, -151.5, -151.5, -151.5, -151.5, -151.5, -151.5, -151.5, -151.5, -151.5, -151.5, -151.5, 473.50000000002956, 198.50000000000435, -151.5, -151.5, -151.5, -151.5, 461.0000000000032, -151.5, 585.9999999999894, -26.50000000002638, 1236, -151.5, -151.5, 860.9999999999592, -151.5, 298.50000000004883, -151.5, -151.5, -151.5, 260.9999999999697, -151.5, 835.9999999999619]
Daily Returns: [0, 0, 0, 0, -303.0, 0, 0, 0, 1236, 0, 0, -151.5, 0, 0, 0, 0, 0, -151.5, 0, -303.0, 0, -15.499999999961005, 0, 0, 0, 0, 0, 0, 0, 0, 0, -151.5, -151.5, 0, 0, 0, 0, 0, 1236, -151.5, 0, 0, 0, 0, 0, 0, 0, 0, 0, 0, 0, -151.5, 0, 0, 0, 0, 0, -151.5, 0, 0, 0, 0, -151.5, 0, 0, 0, 0, 0, 0, 0, 0, 0, 0, -151.5, 0, 0, 0, 1236, 0, -151.5, 0, -151.5, 0, 0, 0, 0, 0, 0, 0, 0, 0, -454.5, -454.5, 0, 0, 0, 0, 0, -151.5, 0, 0, -151.5, 0, -303.0, 0, 0, 0, 0, 0, 0, 0, 0, 0, 0, 0, -303.0, 0, 0, 0, 0, 0, 0, 0, 0, 0, 0, 0, -151.5, 0, 0, 0, 0, 0, 0, -151.5, 0, 0, 0, 0, 0, -151.5, 0, 0, 0, 0, 0, 0, 0, 0, 672.0000000000339, 0, 0, 0, 0, -151.5, -303.0, 0, -151.5, 0, 0, 0, 461.0000000000032, 0, 0, 434.4999999999894, 0, 0, 0, 0, -26.50000000002638, 0, 0, 1084.5, -151.5, 0, 1008.000000000008, 0, 0, 0, 0, 0, 0, 0, -151.5, -151.5, 0, 0, 0, -151.5, 0, 0, 109.4999999999697, 0, 0, 0, 0, 0, 0, 0, 0, 0, 835.9999999999619, 0, 0, 0, 0, 0, 0]
Sharpe Ratio: 0.056
Annualized Sharpe: 0.887
Sharpe 95% CI: (np.float64(-1.568), np.float64(2.573))
Daily Win Rate (%): 24.39
Max Drawdown: -2575.5
Profit Factor: 1.434
Expectancy: 12.089
Trades Per Month (Global): 6.916666666666667
Total Days: 208



Rolling 1 - Variant 2 - 10_7 - Fit Metrics
Trade Returns: [-151.5, -151.5, 273.4999999999961, -151.5, -63.99999999999449, -151.5, -151.5, 861, -151.5, -151.5, -151.5, -151.5, 861, -151.5, -151.5, 861, -151.5, -151.5, -151.5, -151.5, -151.5, -151.5, -151.5, 861, -151.5, 861, -151.5, -151.5, 861, -151.5, -151.5, -151.5, -151.5, 861, 136.000000000039, -151.5, -151.5, 861, -151.5, -151.5, 861, 861, -151.5, 861, -151.5, -151.5, -151.5, -151.5, -151.5, -151.5, -151.5, -151.5, -151.5, -151.5, -151.5, -151.5, -151.5, -151.5, -151.5, -151.5, -151.5, 473.50000000002956, 198.50000000000435, -151.5, -151.5, -151.5, -151.5, 461.0000000000032, -151.5, 861, -26.50000000002638, 861, -151.5, -151.5, 861, -151.5, 298.50000000004883, -151.5, -151.5, -151.5, 861, -151.5, 861]
Daily Returns: [-151.5, -151.5, 0, 273.4999999999961, -215.4999999999945, 0, 0, 0, 0, 0, 0, -151.5, 0, 0, 0, 0, 0, 0, 0, 0, 0, 0, -151.5, 0, 0, 0, 0, 0, 0, 0, 0, 861, 0, -151.5, 0, 0, -151.5, 0, 0, 0, -151.5, 0, 0, 0, 0, -151.5, 709.5, 0, 0, 0, 0, 0, 0, 0, 0, 0, 0, -151.5, 0, 0, 0, 0, 0, 861, 0, -151.5, 0, 0, 0, 0, -151.5, 0, 0, 0, 0, -303.0, 0, 0, 0, 0, 0, 0, -151.5, 0, 0, 0, 0, -151.5, 0, -151.5, 0, 0, 0, 0, 0, 709.5, 0, 0, 0, 0, 0, 861, 0, 0]
Sharpe Ratio: 0.083
Annualized Sharpe: 1.311
Sharpe 95% CI: (np.float64(-2.444), np.float64(3.572))
Daily Win Rate (%): 27.27
Max Drawdown: -1060.5
Profit Factor: 1.62
Expectancy: 15.731
Trades Per Month (Global): 6.916666666666667
Total Days: 104

Rolling 1 - Variant 2 - 10_7 - Test Metrics
Trade Returns: [-151.5, -151.5, 273.4999999999961, -151.5, -63.99999999999449, -151.5, -151.5, 861, -151.5, -151.5, -151.5, -151.5, 861, -151.5, -151.5, 861, -151.5, -151.5, -151.5, -151.5, -151.5, -151.5, -151.5, 861, -151.5, 861, -151.5, -151.5, 861, -151.5, -151.5, -151.5, -151.5, 861, 136.000000000039, -151.5, -151.5, 861, -151.5, -151.5, 861, 861, -151.5, 861, -151.5, -151.5, -151.5, -151.5, -151.5, -151.5, -151.5, -151.5, -151.5, -151.5, -151.5, -151.5, -151.5, -151.5, -151.5, -151.5, -151.5, 473.50000000002956, 198.50000000000435, -151.5, -151.5, -151.5, -151.5, 461.0000000000032, -151.5, 861, -26.50000000002638, 861, -151.5, -151.5, 861, -151.5, 298.50000000004883, -151.5, -151.5, -151.5, 861, -151.5, 861]
Daily Returns: [0, 0, 0, 0, -303.0, 0, 0, 0, 861, 0, 0, -151.5, 0, 0, 0, 0, 0, -151.5, 0, -303.0, 0, 997.000000000039, 0, 0, 0, 0, 0, 0, 0, 0, 0, -151.5, -151.5, 0, 0, 0, 0, 0, 861, -151.5, 0, 0, 0, 0, 0, 0, 0, 0, 0, 0, 0, -151.5, 0, 0, 0, 0, 0, 861, 0, 0, 0, 0, 861, 0, 0, 0, 0, 0, 0, 0, 0, 0, 0, -151.5, 0, 0, 0, 861, 0, -151.5, 0, -151.5, 0, 0, 0, 0, 0, 0, 0, 0, 0, -454.5, -454.5, 0, 0, 0, 0, 0, -151.5, 0, 0, -151.5, 0, -303.0, 0, 0, 0, 0, 0, 0, 0, 0, 0, 0, 0, -303.0, 0, 0, 0, 0, 0, 0, 0, 0, 0, 0, 0, -151.5, 0, 0, 0, 0, 0, 0, -151.5, 0, 0, 0, 0, 0, -151.5, 0, 0, 0, 0, 0, 0, 0, 0, 672.0000000000339, 0, 0, 0, 0, -151.5, -303.0, 0, -151.5, 0, 0, 0, 461.0000000000032, 0, 0, 709.5, 0, 0, 0, 0, -26.50000000002638, 0, 0, 709.5, -151.5, 0, 1008.0000000000489, 0, 0, 0, 0, 0, 0, 0, -151.5, -151.5, 0, 0, 0, -151.5, 0, 0, 709.5, 0, 0, 0, 0, 0, 0, 0, 0, 0, 861, 0, 0, 0, 0, 0, 0]
Sharpe Ratio: 0.109
Annualized Sharpe: 1.733
Sharpe 95% CI: (np.float64(-0.292), np.float64(3.412))
Daily Win Rate (%): 31.71
Max Drawdown: -2575.5
Profit Factor: 1.904
Expectancy: 23.808
Trades Per Month (Global): 6.916666666666667
Total Days: 208



Rolling 1 - Variant 3 - 10_12 - Fit Metrics
Trade Returns: [-151.5, -151.5, 273.4999999999961, -151.5, -63.99999999999449, -151.5, -151.5, 1486, -151.5, -151.5, -151.5, -151.5, 1061.0000000000482, -151.5, -151.5, -151.5, -151.5, -151.5, -151.5, -151.5, -151.5, -151.5, -151.5, 1486, -151.5, 860.9999999999592, -151.5, -151.5, 1486, -151.5, -151.5, -151.5, -151.5, -151.5, 136.000000000039, -151.5, -151.5, 1486, -151.5, -151.5, -151.5, -151.5, -151.5, 1486, -151.5, -151.5, -151.5, -151.5, -151.5, -151.5, -151.5, -151.5, -151.5, -151.5, -151.5, -151.5, -151.5, -151.5, -151.5, -151.5, -151.5, 473.50000000002956, 198.50000000000435, -151.5, -151.5, -151.5, -151.5, 461.0000000000032, -151.5, 585.9999999999894, -26.50000000002638, 1486, -151.5, -151.5, 860.9999999999592, -151.5, 298.50000000004883, -151.5, -151.5, -151.5, 260.9999999999697, -151.5, 835.9999999999619]
Daily Returns: [-151.5, -151.5, 0, 273.4999999999961, -215.4999999999945, 0, 0, 0, 0, 0, 0, -151.5, 0, 0, 0, 0, 0, 0, 0, 0, 0, 0, -151.5, 0, 0, 0, 0, 0, 0, 0, 0, 1486, 0, -151.5, 0, 0, -151.5, 0, 0, 0, -151.5, 0, 0, 0, 0, -151.5, 909.5000000000482, 0, 0, 0, 0, 0, 0, 0, 0, 0, 0, -151.5, 0, 0, 0, 0, 0, -151.5, 0, -151.5, 0, 0, 0, 0, -151.5, 0, 0, 0, 0, -303.0, 0, 0, 0, 0, 0, 0, -151.5, 0, 0, 0, 0, -151.5, 0, -151.5, 0, 0, 0, 0, 0, 1334.5, 0, 0, 0, 0, 0, 860.9999999999592, 0, 0]
Sharpe Ratio: 0.082
Annualized Sharpe: 1.303
Sharpe 95% CI: (np.float64(-3.088), np.float64(3.381))
Daily Win Rate (%): 22.73
Max Drawdown: -1363.5
Profit Factor: 1.743
Expectancy: 19.938
Trades Per Month (Global): 6.916666666666667
Total Days: 104

Rolling 1 - Variant 3 - 10_12 - Test Metrics
Trade Returns: [-151.5, -151.5, 273.4999999999961, -151.5, -63.99999999999449, -151.5, -151.5, 1486, -151.5, -151.5, -151.5, -151.5, 1061.0000000000482, -151.5, -151.5, -151.5, -151.5, -151.5, -151.5, -151.5, -151.5, -151.5, -151.5, 1486, -151.5, 860.9999999999592, -151.5, -151.5, 1486, -151.5, -151.5, -151.5, -151.5, -151.5, 136.000000000039, -151.5, -151.5, 1486, -151.5, -151.5, -151.5, -151.5, -151.5, 1486, -151.5, -151.5, -151.5, -151.5, -151.5, -151.5, -151.5, -151.5, -151.5, -151.5, -151.5, -151.5, -151.5, -151.5, -151.5, -151.5, -151.5, 473.50000000002956, 198.50000000000435, -151.5, -151.5, -151.5, -151.5, 461.0000000000032, -151.5, 585.9999999999894, -26.50000000002638, 1486, -151.5, -151.5, 860.9999999999592, -151.5, 298.50000000004883, -151.5, -151.5, -151.5, 260.9999999999697, -151.5, 835.9999999999619]
Daily Returns: [0, 0, 0, 0, -303.0, 0, 0, 0, 1486, 0, 0, -151.5, 0, 0, 0, 0, 0, -151.5, 0, -303.0, 0, -15.499999999961005, 0, 0, 0, 0, 0, 0, 0, 0, 0, -151.5, -151.5, 0, 0, 0, 0, 0, 1486, -151.5, 0, 0, 0, 0, 0, 0, 0, 0, 0, 0, 0, -151.5, 0, 0, 0, 0, 0, -151.5, 0, 0, 0, 0, -151.5, 0, 0, 0, 0, 0, 0, 0, 0, 0, 0, -151.5, 0, 0, 0, 1486, 0, -151.5, 0, -151.5, 0, 0, 0, 0, 0, 0, 0, 0, 0, -454.5, -454.5, 0, 0, 0, 0, 0, -151.5, 0, 0, -151.5, 0, -303.0, 0, 0, 0, 0, 0, 0, 0, 0, 0, 0, 0, -303.0, 0, 0, 0, 0, 0, 0, 0, 0, 0, 0, 0, -151.5, 0, 0, 0, 0, 0, 0, -151.5, 0, 0, 0, 0, 0, -151.5, 0, 0, 0, 0, 0, 0, 0, 0, 672.0000000000339, 0, 0, 0, 0, -151.5, -303.0, 0, -151.5, 0, 0, 0, 461.0000000000032, 0, 0, 434.4999999999894, 0, 0, 0, 0, -26.50000000002638, 0, 0, 1334.5, -151.5, 0, 1008.000000000008, 0, 0, 0, 0, 0, 0, 0, -151.5, -151.5, 0, 0, 0, -151.5, 0, 0, 109.4999999999697, 0, 0, 0, 0, 0, 0, 0, 0, 0, 835.9999999999619, 0, 0, 0, 0, 0, 0]
Sharpe Ratio: 0.069
Annualized Sharpe: 1.1
Sharpe 95% CI: (np.float64(-1.321), np.float64(2.707))
Daily Win Rate (%): 24.39
Max Drawdown: -2575.5
Profit Factor: 1.606
Expectancy: 16.897
Trades Per Month (Global): 6.916666666666667
Total Days: 208



Rolling 1 - Variant 4 - 10_5 - Fit Metrics
Trade Returns: [-151.5, -151.5, 273.4999999999961, -151.5, -63.99999999999449, -151.5, -151.5, 611, -151.5, -151.5, -151.5, -151.5, 611, -151.5, -151.5, 611, -151.5, -151.5, -151.5, -151.5, -151.5, -151.5, 611, 611, -151.5, 611, -151.5, -151.5, 611, -151.5, -151.5, -151.5, -151.5, 611, 136.000000000039, -151.5, -151.5, 611, -151.5, -151.5, 611, 611, -151.5, 611, -151.5, -151.5, -151.5, -151.5, -151.5, -151.5, -151.5, -151.5, -151.5, -151.5, -151.5, -151.5, -151.5, -151.5, -151.5, -151.5, -151.5, 611, 198.50000000000435, -151.5, -151.5, -151.5, -151.5, 461.0000000000032, -151.5, 611, -26.50000000002638, 611, -151.5, -151.5, 611, -151.5, 298.50000000004883, -151.5, -151.5, -151.5, 611, -151.5, 611]
Daily Returns: [-151.5, -151.5, 0, 273.4999999999961, -215.4999999999945, 0, 0, 0, 0, 0, 0, -151.5, 0, 0, 0, 0, 0, 0, 0, 0, 0, 0, -151.5, 0, 0, 0, 0, 0, 0, 0, 0, 611, 0, -151.5, 0, 0, -151.5, 0, 0, 0, -151.5, 0, 0, 0, 0, -151.5, 459.5, 0, 0, 0, 0, 0, 0, 0, 0, 0, 0, -151.5, 0, 0, 0, 0, 0, 611, 0, -151.5, 0, 0, 0, 0, -151.5, 0, 0, 0, 0, -303.0, 0, 0, 0, 0, 0, 0, -151.5, 0, 0, 0, 0, -151.5, 0, 611, 0, 0, 0, 0, 0, 459.5, 0, 0, 0, 0, 0, 611, 0, 0]
Sharpe Ratio: 0.072
Annualized Sharpe: 1.145
Sharpe 95% CI: (np.float64(-2.286), np.float64(3.565))
Daily Win Rate (%): 31.82
Max Drawdown: -909.0
Profit Factor: 1.462
Expectancy: 11.043
Trades Per Month (Global): 6.916666666666667
Total Days: 104

Rolling 1 - Variant 4 - 10_5 - Test Metrics
Trade Returns: [-151.5, -151.5, 273.4999999999961, -151.5, -63.99999999999449, -151.5, -151.5, 611, -151.5, -151.5, -151.5, -151.5, 611, -151.5, -151.5, 611, -151.5, -151.5, -151.5, -151.5, -151.5, -151.5, 611, 611, -151.5, 611, -151.5, -151.5, 611, -151.5, -151.5, -151.5, -151.5, 611, 136.000000000039, -151.5, -151.5, 611, -151.5, -151.5, 611, 611, -151.5, 611, -151.5, -151.5, -151.5, -151.5, -151.5, -151.5, -151.5, -151.5, -151.5, -151.5, -151.5, -151.5, -151.5, -151.5, -151.5, -151.5, -151.5, 611, 198.50000000000435, -151.5, -151.5, -151.5, -151.5, 461.0000000000032, -151.5, 611, -26.50000000002638, 611, -151.5, -151.5, 611, -151.5, 298.50000000004883, -151.5, -151.5, -151.5, 611, -151.5, 611]
Daily Returns: [0, 0, 0, 0, -303.0, 0, 0, 0, 611, 0, 0, -151.5, 0, 0, 0, 0, 0, -151.5, 0, -303.0, 0, 747.000000000039, 0, 0, 0, 0, 0, 0, 0, 0, 0, -151.5, -151.5, 0, 0, 0, 0, 0, 611, -151.5, 0, 0, 0, 0, 0, 0, 0, 0, 0, 0, 0, -151.5, 0, 0, 0, 0, 0, 611, 0, 0, 0, 0, 611, 0, 0, 0, 0, 0, 0, 0, 0, 0, 0, -151.5, 0, 0, 0, 611, 0, -151.5, 0, -151.5, 0, 0, 0, 0, 0, 0, 0, 0, 0, -454.5, -454.5, 0, 0, 0, 0, 0, -151.5, 0, 0, -151.5, 0, -303.0, 0, 0, 0, 0, 0, 0, 0, 0, 0, 0, 0, -303.0, 0, 0, 0, 0, 0, 0, 0, 0, 0, 0, 0, -151.5, 0, 0, 0, 0, 0, 0, -151.5, 0, 0, 0, 0, 0, -151.5, 0, 0, 0, 0, 0, 0, 0, 0, 809.5000000000043, 0, 0, 0, 0, -151.5, -303.0, 0, -151.5, 0, 0, 0, 461.0000000000032, 0, 0, 459.5, 0, 0, 0, 0, -26.50000000002638, 0, 0, 459.5, -151.5, 0, 758.0000000000489, 0, 0, 0, 0, 0, 0, 0, -151.5, -151.5, 0, 0, 0, -151.5, 0, 0, 459.5, 0, 0, 0, 0, 0, 0, 0, 0, 0, 611, 0, 0, 0, 0, 0, 0]
Sharpe Ratio: 0.065
Annualized Sharpe: 1.033
Sharpe 95% CI: (np.float64(-1.196), np.float64(2.868))
Daily Win Rate (%): 31.71
Max Drawdown: -2575.5
Profit Factor: 1.427
Expectancy: 11.248
Trades Per Month (Global): 6.916666666666667
Total Days: 208



Rolling 2 - Variant 0 - 10_7 - Fit Metrics
Trade Returns: [-151.5, -151.5, 273.4999999999961, -151.5, -63.99999999999449, -151.5, -151.5, 861, -151.5, -151.5, -151.5, -151.5, 861, -151.5, -151.5, 861, -151.5, -151.5, -151.5, -151.5, -151.5, -151.5, -151.5, 861, -151.5, 861, -151.5, -151.5, 861, -151.5, -151.5, -151.5, -151.5, 861, 136.000000000039, -151.5, -151.5, 861, -151.5, -151.5, 861, 861, -151.5, 861, -151.5, -151.5, -151.5, -151.5, -151.5, -151.5, -151.5, -151.5, -151.5, -151.5, -151.5, -151.5, -151.5, -151.5, -151.5, -151.5, -151.5, 473.50000000002956, 198.50000000000435, -151.5, -151.5, -151.5, -151.5, 461.0000000000032, -151.5, 861, -26.50000000002638, 861, -151.5, -151.5, 861, -151.5, 298.50000000004883, -151.5, -151.5, -151.5, 861, -151.5, 861]
Daily Returns: [-151.5, -151.5, 0, 273.4999999999961, -215.4999999999945, 0, 0, 0, 0, 0, 0, -151.5, 0, 0, 0, 0, 0, 0, 0, 0, 0, 0, -151.5, 0, 0, 0, 0, 0, 0, 0, 0, 861, 0, -151.5, 0, 0, -151.5, 0, 0, 0, -151.5, 0, 0, 0, 0, -151.5, 709.5, 0, 0, 0, 0, 0, 0, 0, 0, 0, 0, -151.5, 0, 0, 0, 0, 0, 861, 0, -151.5, 0, 0, 0, 0, -151.5, 0, 0, 0, 0, -303.0, 0, 0, 0, 0, 0, 0, -151.5, 0, 0, 0, 0, -151.5, 0, -151.5, 0, 0, 0, 0, 0, 709.5, 0, 0, 0, 0, 0, 861, 0, 0, 0, 0, 0, 0, -303.0, 0, 0, 0, 861, 0, 0, -151.5, 0, 0, 0, 0, 0, -151.5, 0, -303.0, 0, 997.000000000039, 0, 0, 0, 0, 0, 0, 0, 0, 0, -151.5, -151.5, 0, 0, 0, 0, 0, 861, -151.5, 0, 0, 0, 0, 0, 0, 0, 0, 0, 0, 0, -151.5]
Sharpe Ratio: 0.089
Annualized Sharpe: 1.41
Sharpe 95% CI: (np.float64(-1.26), np.float64(3.28))
Daily Win Rate (%): 27.27
Max Drawdown: -1060.5
Profit Factor: 1.684
Expectancy: 18.205
Trades Per Month (Global): 6.916666666666667
Total Days: 156

Rolling 2 - Variant 0 - 10_7 - Test Metrics
Trade Returns: [-151.5, -151.5, 273.4999999999961, -151.5, -63.99999999999449, -151.5, -151.5, 861, -151.5, -151.5, -151.5, -151.5, 861, -151.5, -151.5, 861, -151.5, -151.5, -151.5, -151.5, -151.5, -151.5, -151.5, 861, -151.5, 861, -151.5, -151.5, 861, -151.5, -151.5, -151.5, -151.5, 861, 136.000000000039, -151.5, -151.5, 861, -151.5, -151.5, 861, 861, -151.5, 861, -151.5, -151.5, -151.5, -151.5, -151.5, -151.5, -151.5, -151.5, -151.5, -151.5, -151.5, -151.5, -151.5, -151.5, -151.5, -151.5, -151.5, 473.50000000002956, 198.50000000000435, -151.5, -151.5, -151.5, -151.5, 461.0000000000032, -151.5, 861, -26.50000000002638, 861, -151.5, -151.5, 861, -151.5, 298.50000000004883, -151.5, -151.5, -151.5, 861, -151.5, 861]
Daily Returns: [0, 0, 0, 0, 0, 861, 0, 0, 0, 0, 861, 0, 0, 0, 0, 0, 0, 0, 0, 0, 0, -151.5, 0, 0, 0, 861, 0, -151.5, 0, -151.5, 0, 0, 0, 0, 0, 0, 0, 0, 0, -454.5, -454.5, 0, 0, 0, 0, 0, -151.5, 0, 0, -151.5, 0, -303.0, 0, 0, 0, 0, 0, 0, 0, 0, 0, 0, 0, -303.0, 0, 0, 0, 0, 0, 0, 0, 0, 0, 0, 0, -151.5, 0, 0, 0, 0, 0, 0, -151.5, 0, 0, 0, 0, 0, -151.5, 0, 0, 0, 0, 0, 0, 0, 0, 672.0000000000339, 0, 0, 0, 0, -151.5, -303.0, 0, -151.5, 0, 0, 0, 461.0000000000032, 0, 0, 709.5, 0, 0, 0, 0, -26.50000000002638, 0, 0, 709.5, -151.5, 0, 1008.0000000000489, 0, 0, 0, 0, 0, 0, 0, -151.5, -151.5, 0, 0, 0, -151.5, 0, 0, 709.5, 0, 0, 0, 0, 0, 0, 0, 0, 0, 861, 0, 0, 0, 0, 0, 0]
Sharpe Ratio: 0.112
Annualized Sharpe: 1.785
Sharpe 95% CI: (np.float64(-0.775), np.float64(3.64))
Daily Win Rate (%): 33.33
Max Drawdown: -2575.5
Profit Factor: 1.945
Expectancy: 24.026
Trades Per Month (Global): 6.916666666666667
Total Days: 156



Rolling 2 - Variant 1 - 10_11 - Fit Metrics
Trade Returns: [-151.5, -151.5, 273.4999999999961, -151.5, -63.99999999999449, -151.5, -151.5, 1361, -151.5, -151.5, -151.5, -151.5, 1061.0000000000482, -151.5, -151.5, -151.5, -151.5, -151.5, -151.5, -151.5, -151.5, -151.5, -151.5, 1361, -151.5, 1361, -151.5, -151.5, 1361, -151.5, -151.5, -151.5, -151.5, -151.5, 136.000000000039, -151.5, -151.5, 1361, -151.5, -151.5, -151.5, -151.5, -151.5, 1361, -151.5, -151.5, -151.5, -151.5, -151.5, -151.5, -151.5, -151.5, -151.5, -151.5, -151.5, -151.5, -151.5, -151.5, -151.5, -151.5, -151.5, 473.50000000002956, 198.50000000000435, -151.5, -151.5, -151.5, -151.5, 461.0000000000032, -151.5, 585.9999999999894, -26.50000000002638, 1361, -151.5, -151.5, 860.9999999999592, -151.5, 298.50000000004883, -151.5, -151.5, -151.5, 260.9999999999697, -151.5, 835.9999999999619]
Daily Returns: [-151.5, -151.5, 0, 273.4999999999961, -215.4999999999945, 0, 0, 0, 0, 0, 0, -151.5, 0, 0, 0, 0, 0, 0, 0, 0, 0, 0, -151.5, 0, 0, 0, 0, 0, 0, 0, 0, 1361, 0, -151.5, 0, 0, -151.5, 0, 0, 0, -151.5, 0, 0, 0, 0, -151.5, 909.5000000000482, 0, 0, 0, 0, 0, 0, 0, 0, 0, 0, -151.5, 0, 0, 0, 0, 0, -151.5, 0, -151.5, 0, 0, 0, 0, -151.5, 0, 0, 0, 0, -303.0, 0, 0, 0, 0, 0, 0, -151.5, 0, 0, 0, 0, -151.5, 0, -151.5, 0, 0, 0, 0, 0, 1209.5, 0, 0, 0, 0, 0, 1361, 0, 0, 0, 0, 0, 0, -303.0, 0, 0, 0, 1361, 0, 0, -151.5, 0, 0, 0, 0, 0, -151.5, 0, -303.0, 0, -15.499999999961005, 0, 0, 0, 0, 0, 0, 0, 0, 0, -151.5, -151.5, 0, 0, 0, 0, 0, 1361, -151.5, 0, 0, 0, 0, 0, 0, 0, 0, 0, 0, 0, -151.5]
Sharpe Ratio: 0.087
Annualized Sharpe: 1.374
Sharpe 95% CI: (np.float64(-1.478), np.float64(3.119))
Daily Win Rate (%): 21.21
Max Drawdown: -1363.5
Profit Factor: 1.813
Expectancy: 22.532
Trades Per Month (Global): 6.916666666666667
Total Days: 156

Rolling 2 - Variant 1 - 10_11 - Test Metrics
Trade Returns: [-151.5, -151.5, 273.4999999999961, -151.5, -63.99999999999449, -151.5, -151.5, 1361, -151.5, -151.5, -151.5, -151.5, 1061.0000000000482, -151.5, -151.5, -151.5, -151.5, -151.5, -151.5, -151.5, -151.5, -151.5, -151.5, 1361, -151.5, 1361, -151.5, -151.5, 1361, -151.5, -151.5, -151.5, -151.5, -151.5, 136.000000000039, -151.5, -151.5, 1361, -151.5, -151.5, -151.5, -151.5, -151.5, 1361, -151.5, -151.5, -151.5, -151.5, -151.5, -151.5, -151.5, -151.5, -151.5, -151.5, -151.5, -151.5, -151.5, -151.5, -151.5, -151.5, -151.5, 473.50000000002956, 198.50000000000435, -151.5, -151.5, -151.5, -151.5, 461.0000000000032, -151.5, 585.9999999999894, -26.50000000002638, 1361, -151.5, -151.5, 860.9999999999592, -151.5, 298.50000000004883, -151.5, -151.5, -151.5, 260.9999999999697, -151.5, 835.9999999999619]
Daily Returns: [0, 0, 0, 0, 0, -151.5, 0, 0, 0, 0, -151.5, 0, 0, 0, 0, 0, 0, 0, 0, 0, 0, -151.5, 0, 0, 0, 1361, 0, -151.5, 0, -151.5, 0, 0, 0, 0, 0, 0, 0, 0, 0, -454.5, -454.5, 0, 0, 0, 0, 0, -151.5, 0, 0, -151.5, 0, -303.0, 0, 0, 0, 0, 0, 0, 0, 0, 0, 0, 0, -303.0, 0, 0, 0, 0, 0, 0, 0, 0, 0, 0, 0, -151.5, 0, 0, 0, 0, 0, 0, -151.5, 0, 0, 0, 0, 0, -151.5, 0, 0, 0, 0, 0, 0, 0, 0, 672.0000000000339, 0, 0, 0, 0, -151.5, -303.0, 0, -151.5, 0, 0, 0, 461.0000000000032, 0, 0, 434.4999999999894, 0, 0, 0, 0, -26.50000000002638, 0, 0, 1209.5, -151.5, 0, 1008.000000000008, 0, 0, 0, 0, 0, 0, 0, -151.5, -151.5, 0, 0, 0, -151.5, 0, 0, 109.4999999999697, 0, 0, 0, 0, 0, 0, 0, 0, 0, 835.9999999999619, 0, 0, 0, 0, 0, 0]
Sharpe Ratio: 0.055
Annualized Sharpe: 0.877
Sharpe 95% CI: (np.float64(-2.102), np.float64(2.744))
Daily Win Rate (%): 26.67
Max Drawdown: -2575.5
Profit Factor: 1.427
Expectancy: 11.686
Trades Per Month (Global): 6.916666666666667
Total Days: 156



Rolling 2 - Variant 2 - 10_12 - Fit Metrics
Trade Returns: [-151.5, -151.5, 273.4999999999961, -151.5, -63.99999999999449, -151.5, -151.5, 1486, -151.5, -151.5, -151.5, -151.5, 1061.0000000000482, -151.5, -151.5, -151.5, -151.5, -151.5, -151.5, -151.5, -151.5, -151.5, -151.5, 1486, -151.5, 860.9999999999592, -151.5, -151.5, 1486, -151.5, -151.5, -151.5, -151.5, -151.5, 136.000000000039, -151.5, -151.5, 1486, -151.5, -151.5, -151.5, -151.5, -151.5, 1486, -151.5, -151.5, -151.5, -151.5, -151.5, -151.5, -151.5, -151.5, -151.5, -151.5, -151.5, -151.5, -151.5, -151.5, -151.5, -151.5, -151.5, 473.50000000002956, 198.50000000000435, -151.5, -151.5, -151.5, -151.5, 461.0000000000032, -151.5, 585.9999999999894, -26.50000000002638, 1486, -151.5, -151.5, 860.9999999999592, -151.5, 298.50000000004883, -151.5, -151.5, -151.5, 260.9999999999697, -151.5, 835.9999999999619]
Daily Returns: [-151.5, -151.5, 0, 273.4999999999961, -215.4999999999945, 0, 0, 0, 0, 0, 0, -151.5, 0, 0, 0, 0, 0, 0, 0, 0, 0, 0, -151.5, 0, 0, 0, 0, 0, 0, 0, 0, 1486, 0, -151.5, 0, 0, -151.5, 0, 0, 0, -151.5, 0, 0, 0, 0, -151.5, 909.5000000000482, 0, 0, 0, 0, 0, 0, 0, 0, 0, 0, -151.5, 0, 0, 0, 0, 0, -151.5, 0, -151.5, 0, 0, 0, 0, -151.5, 0, 0, 0, 0, -303.0, 0, 0, 0, 0, 0, 0, -151.5, 0, 0, 0, 0, -151.5, 0, -151.5, 0, 0, 0, 0, 0, 1334.5, 0, 0, 0, 0, 0, 860.9999999999592, 0, 0, 0, 0, 0, 0, -303.0, 0, 0, 0, 1486, 0, 0, -151.5, 0, 0, 0, 0, 0, -151.5, 0, -303.0, 0, -15.499999999961005, 0, 0, 0, 0, 0, 0, 0, 0, 0, -151.5, -151.5, 0, 0, 0, 0, 0, 1486, -151.5, 0, 0, 0, 0, 0, 0, 0, 0, 0, 0, 0, -151.5]
Sharpe Ratio: 0.085
Annualized Sharpe: 1.357
Sharpe 95% CI: (np.float64(-1.462), np.float64(3.086))
Daily Win Rate (%): 21.21
Max Drawdown: -1363.5
Profit Factor: 1.813
Expectancy: 22.532
Trades Per Month (Global): 6.916666666666667
Total Days: 156

Rolling 2 - Variant 2 - 10_12 - Test Metrics
Trade Returns: [-151.5, -151.5, 273.4999999999961, -151.5, -63.99999999999449, -151.5, -151.5, 1486, -151.5, -151.5, -151.5, -151.5, 1061.0000000000482, -151.5, -151.5, -151.5, -151.5, -151.5, -151.5, -151.5, -151.5, -151.5, -151.5, 1486, -151.5, 860.9999999999592, -151.5, -151.5, 1486, -151.5, -151.5, -151.5, -151.5, -151.5, 136.000000000039, -151.5, -151.5, 1486, -151.5, -151.5, -151.5, -151.5, -151.5, 1486, -151.5, -151.5, -151.5, -151.5, -151.5, -151.5, -151.5, -151.5, -151.5, -151.5, -151.5, -151.5, -151.5, -151.5, -151.5, -151.5, -151.5, 473.50000000002956, 198.50000000000435, -151.5, -151.5, -151.5, -151.5, 461.0000000000032, -151.5, 585.9999999999894, -26.50000000002638, 1486, -151.5, -151.5, 860.9999999999592, -151.5, 298.50000000004883, -151.5, -151.5, -151.5, 260.9999999999697, -151.5, 835.9999999999619]
Daily Returns: [0, 0, 0, 0, 0, -151.5, 0, 0, 0, 0, -151.5, 0, 0, 0, 0, 0, 0, 0, 0, 0, 0, -151.5, 0, 0, 0, 1486, 0, -151.5, 0, -151.5, 0, 0, 0, 0, 0, 0, 0, 0, 0, -454.5, -454.5, 0, 0, 0, 0, 0, -151.5, 0, 0, -151.5, 0, -303.0, 0, 0, 0, 0, 0, 0, 0, 0, 0, 0, 0, -303.0, 0, 0, 0, 0, 0, 0, 0, 0, 0, 0, 0, -151.5, 0, 0, 0, 0, 0, 0, -151.5, 0, 0, 0, 0, 0, -151.5, 0, 0, 0, 0, 0, 0, 0, 0, 672.0000000000339, 0, 0, 0, 0, -151.5, -303.0, 0, -151.5, 0, 0, 0, 461.0000000000032, 0, 0, 434.4999999999894, 0, 0, 0, 0, -26.50000000002638, 0, 0, 1334.5, -151.5, 0, 1008.000000000008, 0, 0, 0, 0, 0, 0, 0, -151.5, -151.5, 0, 0, 0, -151.5, 0, 0, 109.4999999999697, 0, 0, 0, 0, 0, 0, 0, 0, 0, 835.9999999999619, 0, 0, 0, 0, 0, 0]
Sharpe Ratio: 0.06
Annualized Sharpe: 0.953
Sharpe 95% CI: (np.float64(-2.055), np.float64(2.777))
Daily Win Rate (%): 26.67
Max Drawdown: -2575.5
Profit Factor: 1.486
Expectancy: 13.288
Trades Per Month (Global): 6.916666666666667
Total Days: 156



Rolling 2 - Variant 3 - 10_10 - Fit Metrics
Trade Returns: [-151.5, -151.5, 273.4999999999961, -151.5, -63.99999999999449, -151.5, -151.5, 1236, -151.5, -151.5, -151.5, -151.5, 1236, -151.5, -151.5, -151.5, -151.5, -151.5, -151.5, -151.5, -151.5, -151.5, -151.5, 1236, -151.5, 1236, -151.5, -151.5, 1236, -151.5, -151.5, -151.5, -151.5, -151.5, 136.000000000039, -151.5, -151.5, 1236, -151.5, -151.5, -151.5, -151.5, -151.5, 1236, -151.5, -151.5, -151.5, -151.5, -151.5, -151.5, -151.5, -151.5, -151.5, -151.5, -151.5, -151.5, -151.5, -151.5, -151.5, -151.5, -151.5, 473.50000000002956, 198.50000000000435, -151.5, -151.5, -151.5, -151.5, 461.0000000000032, -151.5, 585.9999999999894, -26.50000000002638, 1236, -151.5, -151.5, 860.9999999999592, -151.5, 298.50000000004883, -151.5, -151.5, -151.5, 260.9999999999697, -151.5, 835.9999999999619]
Daily Returns: [-151.5, -151.5, 0, 273.4999999999961, -215.4999999999945, 0, 0, 0, 0, 0, 0, -151.5, 0, 0, 0, 0, 0, 0, 0, 0, 0, 0, -151.5, 0, 0, 0, 0, 0, 0, 0, 0, 1236, 0, -151.5, 0, 0, -151.5, 0, 0, 0, -151.5, 0, 0, 0, 0, -151.5, 1084.5, 0, 0, 0, 0, 0, 0, 0, 0, 0, 0, -151.5, 0, 0, 0, 0, 0, -151.5, 0, -151.5, 0, 0, 0, 0, -151.5, 0, 0, 0, 0, -303.0, 0, 0, 0, 0, 0, 0, -151.5, 0, 0, 0, 0, -151.5, 0, -151.5, 0, 0, 0, 0, 0, 1084.5, 0, 0, 0, 0, 0, 1236, 0, 0, 0, 0, 0, 0, -303.0, 0, 0, 0, 1236, 0, 0, -151.5, 0, 0, 0, 0, 0, -151.5, 0, -303.0, 0, -15.499999999961005, 0, 0, 0, 0, 0, 0, 0, 0, 0, -151.5, -151.5, 0, 0, 0, 0, 0, 1236, -151.5, 0, 0, 0, 0, 0, 0, 0, 0, 0, 0, 0, -151.5]
Sharpe Ratio: 0.08
Annualized Sharpe: 1.275
Sharpe 95% CI: (np.float64(-1.578), np.float64(3.05))
Daily Win Rate (%): 21.21
Max Drawdown: -1363.5
Profit Factor: 1.709
Expectancy: 19.647
Trades Per Month (Global): 6.916666666666667
Total Days: 156

Rolling 2 - Variant 3 - 10_10 - Test Metrics
Trade Returns: [-151.5, -151.5, 273.4999999999961, -151.5, -63.99999999999449, -151.5, -151.5, 1236, -151.5, -151.5, -151.5, -151.5, 1236, -151.5, -151.5, -151.5, -151.5, -151.5, -151.5, -151.5, -151.5, -151.5, -151.5, 1236, -151.5, 1236, -151.5, -151.5, 1236, -151.5, -151.5, -151.5, -151.5, -151.5, 136.000000000039, -151.5, -151.5, 1236, -151.5, -151.5, -151.5, -151.5, -151.5, 1236, -151.5, -151.5, -151.5, -151.5, -151.5, -151.5, -151.5, -151.5, -151.5, -151.5, -151.5, -151.5, -151.5, -151.5, -151.5, -151.5, -151.5, 473.50000000002956, 198.50000000000435, -151.5, -151.5, -151.5, -151.5, 461.0000000000032, -151.5, 585.9999999999894, -26.50000000002638, 1236, -151.5, -151.5, 860.9999999999592, -151.5, 298.50000000004883, -151.5, -151.5, -151.5, 260.9999999999697, -151.5, 835.9999999999619]
Daily Returns: [0, 0, 0, 0, 0, -151.5, 0, 0, 0, 0, -151.5, 0, 0, 0, 0, 0, 0, 0, 0, 0, 0, -151.5, 0, 0, 0, 1236, 0, -151.5, 0, -151.5, 0, 0, 0, 0, 0, 0, 0, 0, 0, -454.5, -454.5, 0, 0, 0, 0, 0, -151.5, 0, 0, -151.5, 0, -303.0, 0, 0, 0, 0, 0, 0, 0, 0, 0, 0, 0, -303.0, 0, 0, 0, 0, 0, 0, 0, 0, 0, 0, 0, -151.5, 0, 0, 0, 0, 0, 0, -151.5, 0, 0, 0, 0, 0, -151.5, 0, 0, 0, 0, 0, 0, 0, 0, 672.0000000000339, 0, 0, 0, 0, -151.5, -303.0, 0, -151.5, 0, 0, 0, 461.0000000000032, 0, 0, 434.4999999999894, 0, 0, 0, 0, -26.50000000002638, 0, 0, 1084.5, -151.5, 0, 1008.000000000008, 0, 0, 0, 0, 0, 0, 0, -151.5, -151.5, 0, 0, 0, -151.5, 0, 0, 109.4999999999697, 0, 0, 0, 0, 0, 0, 0, 0, 0, 835.9999999999619, 0, 0, 0, 0, 0, 0]
Sharpe Ratio: 0.05
Annualized Sharpe: 0.792
Sharpe 95% CI: (np.float64(-2.213), np.float64(2.698))
Daily Win Rate (%): 26.67
Max Drawdown: -2575.5
Profit Factor: 1.369
Expectancy: 10.083
Trades Per Month (Global): 6.916666666666667
Total Days: 156



Rolling 2 - Variant 4 - 10_8 - Fit Metrics
Trade Returns: [-151.5, -151.5, 273.4999999999961, -151.5, -63.99999999999449, -151.5, -151.5, 986, -151.5, -151.5, -151.5, -151.5, 986, -151.5, -151.5, -151.5, -151.5, -151.5, -151.5, -151.5, -151.5, -151.5, -151.5, 986, -151.5, 986, -151.5, -151.5, 986, -151.5, -151.5, -151.5, -151.5, 986, 136.000000000039, -151.5, -151.5, 986, -151.5, -151.5, 986, 986, -151.5, 986, -151.5, -151.5, -151.5, -151.5, -151.5, -151.5, -151.5, -151.5, -151.5, -151.5, -151.5, -151.5, -151.5, -151.5, -151.5, -151.5, -151.5, 473.50000000002956, 198.50000000000435, -151.5, -151.5, -151.5, -151.5, 461.0000000000032, -151.5, 585.9999999999894, -26.50000000002638, 986, -151.5, -151.5, 986, -151.5, 298.50000000004883, -151.5, -151.5, -151.5, 260.9999999999697, -151.5, 835.9999999999619]
Daily Returns: [-151.5, -151.5, 0, 273.4999999999961, -215.4999999999945, 0, 0, 0, 0, 0, 0, -151.5, 0, 0, 0, 0, 0, 0, 0, 0, 0, 0, -151.5, 0, 0, 0, 0, 0, 0, 0, 0, 986, 0, -151.5, 0, 0, -151.5, 0, 0, 0, -151.5, 0, 0, 0, 0, -151.5, 834.5, 0, 0, 0, 0, 0, 0, 0, 0, 0, 0, -151.5, 0, 0, 0, 0, 0, -151.5, 0, -151.5, 0, 0, 0, 0, -151.5, 0, 0, 0, 0, -303.0, 0, 0, 0, 0, 0, 0, -151.5, 0, 0, 0, 0, -151.5, 0, -151.5, 0, 0, 0, 0, 0, 834.5, 0, 0, 0, 0, 0, 986, 0, 0, 0, 0, 0, 0, -303.0, 0, 0, 0, 986, 0, 0, -151.5, 0, 0, 0, 0, 0, -151.5, 0, -303.0, 0, 1122.000000000039, 0, 0, 0, 0, 0, 0, 0, 0, 0, -151.5, -151.5, 0, 0, 0, 0, 0, 986, -151.5, 0, 0, 0, 0, 0, 0, 0, 0, 0, 0, 0, -151.5]
Sharpe Ratio: 0.079
Annualized Sharpe: 1.261
Sharpe 95% CI: (np.float64(-1.554), np.float64(3.089))
Daily Win Rate (%): 24.24
Max Drawdown: -1363.5
Profit Factor: 1.628
Expectancy: 17.324
Trades Per Month (Global): 6.916666666666667
Total Days: 156

Rolling 2 - Variant 4 - 10_8 - Test Metrics
Trade Returns: [-151.5, -151.5, 273.4999999999961, -151.5, -63.99999999999449, -151.5, -151.5, 986, -151.5, -151.5, -151.5, -151.5, 986, -151.5, -151.5, -151.5, -151.5, -151.5, -151.5, -151.5, -151.5, -151.5, -151.5, 986, -151.5, 986, -151.5, -151.5, 986, -151.5, -151.5, -151.5, -151.5, 986, 136.000000000039, -151.5, -151.5, 986, -151.5, -151.5, 986, 986, -151.5, 986, -151.5, -151.5, -151.5, -151.5, -151.5, -151.5, -151.5, -151.5, -151.5, -151.5, -151.5, -151.5, -151.5, -151.5, -151.5, -151.5, -151.5, 473.50000000002956, 198.50000000000435, -151.5, -151.5, -151.5, -151.5, 461.0000000000032, -151.5, 585.9999999999894, -26.50000000002638, 986, -151.5, -151.5, 986, -151.5, 298.50000000004883, -151.5, -151.5, -151.5, 260.9999999999697, -151.5, 835.9999999999619]
Daily Returns: [0, 0, 0, 0, 0, 986, 0, 0, 0, 0, 986, 0, 0, 0, 0, 0, 0, 0, 0, 0, 0, -151.5, 0, 0, 0, 986, 0, -151.5, 0, -151.5, 0, 0, 0, 0, 0, 0, 0, 0, 0, -454.5, -454.5, 0, 0, 0, 0, 0, -151.5, 0, 0, -151.5, 0, -303.0, 0, 0, 0, 0, 0, 0, 0, 0, 0, 0, 0, -303.0, 0, 0, 0, 0, 0, 0, 0, 0, 0, 0, 0, -151.5, 0, 0, 0, 0, 0, 0, -151.5, 0, 0, 0, 0, 0, -151.5, 0, 0, 0, 0, 0, 0, 0, 0, 672.0000000000339, 0, 0, 0, 0, -151.5, -303.0, 0, -151.5, 0, 0, 0, 461.0000000000032, 0, 0, 434.4999999999894, 0, 0, 0, 0, -26.50000000002638, 0, 0, 834.5, -151.5, 0, 1133.0000000000489, 0, 0, 0, 0, 0, 0, 0, -151.5, -151.5, 0, 0, 0, -151.5, 0, 0, 109.4999999999697, 0, 0, 0, 0, 0, 0, 0, 0, 0, 835.9999999999619, 0, 0, 0, 0, 0, 0]
Sharpe Ratio: 0.102
Annualized Sharpe: 1.618
Sharpe 95% CI: (np.float64(-0.969), np.float64(3.469))
Daily Win Rate (%): 33.33
Max Drawdown: -2575.5
Profit Factor: 1.876
Expectancy: 22.263
Trades Per Month (Global): 6.916666666666667
Total Days: 156



Rolling 3 - Variant 0 - 10_7 - Fit Metrics
Trade Returns: [-151.5, -151.5, 273.4999999999961, -151.5, -63.99999999999449, -151.5, -151.5, 861, -151.5, -151.5, -151.5, -151.5, 861, -151.5, -151.5, 861, -151.5, -151.5, -151.5, -151.5, -151.5, -151.5, -151.5, 861, -151.5, 861, -151.5, -151.5, 861, -151.5, -151.5, -151.5, -151.5, 861, 136.000000000039, -151.5, -151.5, 861, -151.5, -151.5, 861, 861, -151.5, 861, -151.5, -151.5, -151.5, -151.5, -151.5, -151.5, -151.5, -151.5, -151.5, -151.5, -151.5, -151.5, -151.5, -151.5, -151.5, -151.5, -151.5, 473.50000000002956, 198.50000000000435, -151.5, -151.5, -151.5, -151.5, 461.0000000000032, -151.5, 861, -26.50000000002638, 861, -151.5, -151.5, 861, -151.5, 298.50000000004883, -151.5, -151.5, -151.5, 861, -151.5, 861]
Daily Returns: [-151.5, -151.5, 0, 273.4999999999961, -215.4999999999945, 0, 0, 0, 0, 0, 0, -151.5, 0, 0, 0, 0, 0, 0, 0, 0, 0, 0, -151.5, 0, 0, 0, 0, 0, 0, 0, 0, 861, 0, -151.5, 0, 0, -151.5, 0, 0, 0, -151.5, 0, 0, 0, 0, -151.5, 709.5, 0, 0, 0, 0, 0, 0, 0, 0, 0, 0, -151.5, 0, 0, 0, 0, 0, 861, 0, -151.5, 0, 0, 0, 0, -151.5, 0, 0, 0, 0, -303.0, 0, 0, 0, 0, 0, 0, -151.5, 0, 0, 0, 0, -151.5, 0, -151.5, 0, 0, 0, 0, 0, 709.5, 0, 0, 0, 0, 0, 861, 0, 0, 0, 0, 0, 0, -303.0, 0, 0, 0, 861, 0, 0, -151.5, 0, 0, 0, 0, 0, -151.5, 0, -303.0, 0, 997.000000000039, 0, 0, 0, 0, 0, 0, 0, 0, 0, -151.5, -151.5, 0, 0, 0, 0, 0, 861, -151.5, 0, 0, 0, 0, 0, 0, 0, 0, 0, 0, 0, -151.5, 0, 0, 0, 0, 0, 861, 0, 0, 0, 0, 861, 0, 0, 0, 0, 0, 0, 0, 0, 0, 0, -151.5, 0, 0, 0, 861, 0, -151.5, 0, -151.5, 0, 0, 0, 0, 0, 0, 0, 0, 0, -454.5, -454.5, 0, 0, 0, 0, 0, -151.5, 0, 0, -151.5, 0, -303.0]
Sharpe Ratio: 0.078
Annualized Sharpe: 1.24
Sharpe 95% CI: (np.float64(-0.985), np.float64(2.972))
Daily Win Rate (%): 27.27
Max Drawdown: -1818.0
Profit Factor: 1.564
Expectancy: 16.603
Trades Per Month (Global): 6.916666666666667
Total Days: 208

Rolling 3 - Variant 0 - 10_7 - Test Metrics
Trade Returns: [-151.5, -151.5, 273.4999999999961, -151.5, -63.99999999999449, -151.5, -151.5, 861, -151.5, -151.5, -151.5, -151.5, 861, -151.5, -151.5, 861, -151.5, -151.5, -151.5, -151.5, -151.5, -151.5, -151.5, 861, -151.5, 861, -151.5, -151.5, 861, -151.5, -151.5, -151.5, -151.5, 861, 136.000000000039, -151.5, -151.5, 861, -151.5, -151.5, 861, 861, -151.5, 861, -151.5, -151.5, -151.5, -151.5, -151.5, -151.5, -151.5, -151.5, -151.5, -151.5, -151.5, -151.5, -151.5, -151.5, -151.5, -151.5, -151.5, 473.50000000002956, 198.50000000000435, -151.5, -151.5, -151.5, -151.5, 461.0000000000032, -151.5, 861, -26.50000000002638, 861, -151.5, -151.5, 861, -151.5, 298.50000000004883, -151.5, -151.5, -151.5, 861, -151.5, 861]
Daily Returns: [0, 0, 0, 0, 0, 0, 0, 0, 0, 0, 0, -303.0, 0, 0, 0, 0, 0, 0, 0, 0, 0, 0, 0, -151.5, 0, 0, 0, 0, 0, 0, -151.5, 0, 0, 0, 0, 0, -151.5, 0, 0, 0, 0, 0, 0, 0, 0, 672.0000000000339, 0, 0, 0, 0, -151.5, -303.0, 0, -151.5, 0, 0, 0, 461.0000000000032, 0, 0, 709.5, 0, 0, 0, 0, -26.50000000002638, 0, 0, 709.5, -151.5, 0, 1008.0000000000489, 0, 0, 0, 0, 0, 0, 0, -151.5, -151.5, 0, 0, 0, -151.5, 0, 0, 709.5, 0, 0, 0, 0, 0, 0, 0, 0, 0, 861, 0, 0, 0, 0, 0, 0]
Sharpe Ratio: 0.149
Annualized Sharpe: 2.361
Sharpe 95% CI: (np.float64(-0.635), np.float64(4.52))
Daily Win Rate (%): 36.84
Max Drawdown: -757.5
Profit Factor: 2.57
Expectancy: 30.139
Trades Per Month (Global): 6.916666666666667
Total Days: 104



Rolling 3 - Variant 1 - 10_8 - Fit Metrics
Trade Returns: [-151.5, -151.5, 273.4999999999961, -151.5, -63.99999999999449, -151.5, -151.5, 986, -151.5, -151.5, -151.5, -151.5, 986, -151.5, -151.5, -151.5, -151.5, -151.5, -151.5, -151.5, -151.5, -151.5, -151.5, 986, -151.5, 986, -151.5, -151.5, 986, -151.5, -151.5, -151.5, -151.5, 986, 136.000000000039, -151.5, -151.5, 986, -151.5, -151.5, 986, 986, -151.5, 986, -151.5, -151.5, -151.5, -151.5, -151.5, -151.5, -151.5, -151.5, -151.5, -151.5, -151.5, -151.5, -151.5, -151.5, -151.5, -151.5, -151.5, 473.50000000002956, 198.50000000000435, -151.5, -151.5, -151.5, -151.5, 461.0000000000032, -151.5, 585.9999999999894, -26.50000000002638, 986, -151.5, -151.5, 986, -151.5, 298.50000000004883, -151.5, -151.5, -151.5, 260.9999999999697, -151.5, 835.9999999999619]
Daily Returns: [-151.5, -151.5, 0, 273.4999999999961, -215.4999999999945, 0, 0, 0, 0, 0, 0, -151.5, 0, 0, 0, 0, 0, 0, 0, 0, 0, 0, -151.5, 0, 0, 0, 0, 0, 0, 0, 0, 986, 0, -151.5, 0, 0, -151.5, 0, 0, 0, -151.5, 0, 0, 0, 0, -151.5, 834.5, 0, 0, 0, 0, 0, 0, 0, 0, 0, 0, -151.5, 0, 0, 0, 0, 0, -151.5, 0, -151.5, 0, 0, 0, 0, -151.5, 0, 0, 0, 0, -303.0, 0, 0, 0, 0, 0, 0, -151.5, 0, 0, 0, 0, -151.5, 0, -151.5, 0, 0, 0, 0, 0, 834.5, 0, 0, 0, 0, 0, 986, 0, 0, 0, 0, 0, 0, -303.0, 0, 0, 0, 986, 0, 0, -151.5, 0, 0, 0, 0, 0, -151.5, 0, -303.0, 0, 1122.000000000039, 0, 0, 0, 0, 0, 0, 0, 0, 0, -151.5, -151.5, 0, 0, 0, 0, 0, 986, -151.5, 0, 0, 0, 0, 0, 0, 0, 0, 0, 0, 0, -151.5, 0, 0, 0, 0, 0, 986, 0, 0, 0, 0, 986, 0, 0, 0, 0, 0, 0, 0, 0, 0, 0, -151.5, 0, 0, 0, 986, 0, -151.5, 0, -151.5, 0, 0, 0, 0, 0, 0, 0, 0, 0, -454.5, -454.5, 0, 0, 0, 0, 0, -151.5, 0, 0, -151.5, 0, -303.0]
Sharpe Ratio: 0.077
Annualized Sharpe: 1.228
Sharpe 95% CI: (np.float64(-1.048), np.float64(2.91))
Daily Win Rate (%): 25.0
Max Drawdown: -1818.0
Profit Factor: 1.588
Expectancy: 17.745
Trades Per Month (Global): 6.916666666666667
Total Days: 208

Rolling 3 - Variant 1 - 10_8 - Test Metrics
Trade Returns: [-151.5, -151.5, 273.4999999999961, -151.5, -63.99999999999449, -151.5, -151.5, 986, -151.5, -151.5, -151.5, -151.5, 986, -151.5, -151.5, -151.5, -151.5, -151.5, -151.5, -151.5, -151.5, -151.5, -151.5, 986, -151.5, 986, -151.5, -151.5, 986, -151.5, -151.5, -151.5, -151.5, 986, 136.000000000039, -151.5, -151.5, 986, -151.5, -151.5, 986, 986, -151.5, 986, -151.5, -151.5, -151.5, -151.5, -151.5, -151.5, -151.5, -151.5, -151.5, -151.5, -151.5, -151.5, -151.5, -151.5, -151.5, -151.5, -151.5, 473.50000000002956, 198.50000000000435, -151.5, -151.5, -151.5, -151.5, 461.0000000000032, -151.5, 585.9999999999894, -26.50000000002638, 986, -151.5, -151.5, 986, -151.5, 298.50000000004883, -151.5, -151.5, -151.5, 260.9999999999697, -151.5, 835.9999999999619]
Daily Returns: [0, 0, 0, 0, 0, 0, 0, 0, 0, 0, 0, -303.0, 0, 0, 0, 0, 0, 0, 0, 0, 0, 0, 0, -151.5, 0, 0, 0, 0, 0, 0, -151.5, 0, 0, 0, 0, 0, -151.5, 0, 0, 0, 0, 0, 0, 0, 0, 672.0000000000339, 0, 0, 0, 0, -151.5, -303.0, 0, -151.5, 0, 0, 0, 461.0000000000032, 0, 0, 434.4999999999894, 0, 0, 0, 0, -26.50000000002638, 0, 0, 834.5, -151.5, 0, 1133.0000000000489, 0, 0, 0, 0, 0, 0, 0, -151.5, -151.5, 0, 0, 0, -151.5, 0, 0, 109.4999999999697, 0, 0, 0, 0, 0, 0, 0, 0, 0, 835.9999999999619, 0, 0, 0, 0, 0, 0]
Sharpe Ratio: 0.123
Annualized Sharpe: 1.955
Sharpe 95% CI: (np.float64(-1.389), np.float64(4.077))
Daily Win Rate (%): 36.84
Max Drawdown: -757.5
Profit Factor: 2.245
Expectancy: 23.889
Trades Per Month (Global): 6.916666666666667
Total Days: 104



Rolling 3 - Variant 2 - 10_6 - Fit Metrics
Trade Returns: [-151.5, -151.5, 273.4999999999961, -151.5, -63.99999999999449, -151.5, -151.5, 736, -151.5, -151.5, -151.5, -151.5, 736, -151.5, -151.5, 736, -151.5, -151.5, -151.5, -151.5, -151.5, -151.5, -151.5, 736, -151.5, 736, -151.5, -151.5, 736, -151.5, -151.5, -151.5, -151.5, 736, 136.000000000039, -151.5, -151.5, 736, -151.5, -151.5, 736, 736, -151.5, 736, -151.5, -151.5, -151.5, -151.5, -151.5, -151.5, -151.5, -151.5, -151.5, -151.5, -151.5, -151.5, -151.5, -151.5, -151.5, -151.5, -151.5, 736, 198.50000000000435, -151.5, -151.5, -151.5, -151.5, 461.0000000000032, -151.5, 736, -26.50000000002638, 736, -151.5, -151.5, 736, -151.5, 298.50000000004883, -151.5, -151.5, -151.5, 736, -151.5, 736]
Daily Returns: [-151.5, -151.5, 0, 273.4999999999961, -215.4999999999945, 0, 0, 0, 0, 0, 0, -151.5, 0, 0, 0, 0, 0, 0, 0, 0, 0, 0, -151.5, 0, 0, 0, 0, 0, 0, 0, 0, 736, 0, -151.5, 0, 0, -151.5, 0, 0, 0, -151.5, 0, 0, 0, 0, -151.5, 584.5, 0, 0, 0, 0, 0, 0, 0, 0, 0, 0, -151.5, 0, 0, 0, 0, 0, 736, 0, -151.5, 0, 0, 0, 0, -151.5, 0, 0, 0, 0, -303.0, 0, 0, 0, 0, 0, 0, -151.5, 0, 0, 0, 0, -151.5, 0, -151.5, 0, 0, 0, 0, 0, 584.5, 0, 0, 0, 0, 0, 736, 0, 0, 0, 0, 0, 0, -303.0, 0, 0, 0, 736, 0, 0, -151.5, 0, 0, 0, 0, 0, -151.5, 0, -303.0, 0, 872.000000000039, 0, 0, 0, 0, 0, 0, 0, 0, 0, -151.5, -151.5, 0, 0, 0, 0, 0, 736, -151.5, 0, 0, 0, 0, 0, 0, 0, 0, 0, 0, 0, -151.5, 0, 0, 0, 0, 0, 736, 0, 0, 0, 0, 736, 0, 0, 0, 0, 0, 0, 0, 0, 0, 0, -151.5, 0, 0, 0, 736, 0, -151.5, 0, -151.5, 0, 0, 0, 0, 0, 0, 0, 0, 0, -454.5, -454.5, 0, 0, 0, 0, 0, -151.5, 0, 0, -151.5, 0, -303.0]
Sharpe Ratio: 0.053
Annualized Sharpe: 0.849
Sharpe 95% CI: (np.float64(-1.442), np.float64(2.662))
Daily Win Rate (%): 27.27
Max Drawdown: -1818.0
Profit Factor: 1.339
Expectancy: 9.993
Trades Per Month (Global): 6.916666666666667
Total Days: 208

Rolling 3 - Variant 2 - 10_6 - Test Metrics
Trade Returns: [-151.5, -151.5, 273.4999999999961, -151.5, -63.99999999999449, -151.5, -151.5, 736, -151.5, -151.5, -151.5, -151.5, 736, -151.5, -151.5, 736, -151.5, -151.5, -151.5, -151.5, -151.5, -151.5, -151.5, 736, -151.5, 736, -151.5, -151.5, 736, -151.5, -151.5, -151.5, -151.5, 736, 136.000000000039, -151.5, -151.5, 736, -151.5, -151.5, 736, 736, -151.5, 736, -151.5, -151.5, -151.5, -151.5, -151.5, -151.5, -151.5, -151.5, -151.5, -151.5, -151.5, -151.5, -151.5, -151.5, -151.5, -151.5, -151.5, 736, 198.50000000000435, -151.5, -151.5, -151.5, -151.5, 461.0000000000032, -151.5, 736, -26.50000000002638, 736, -151.5, -151.5, 736, -151.5, 298.50000000004883, -151.5, -151.5, -151.5, 736, -151.5, 736]
Daily Returns: [0, 0, 0, 0, 0, 0, 0, 0, 0, 0, 0, -303.0, 0, 0, 0, 0, 0, 0, 0, 0, 0, 0, 0, -151.5, 0, 0, 0, 0, 0, 0, -151.5, 0, 0, 0, 0, 0, -151.5, 0, 0, 0, 0, 0, 0, 0, 0, 934.5000000000043, 0, 0, 0, 0, -151.5, -303.0, 0, -151.5, 0, 0, 0, 461.0000000000032, 0, 0, 584.5, 0, 0, 0, 0, -26.50000000002638, 0, 0, 584.5, -151.5, 0, 883.0000000000489, 0, 0, 0, 0, 0, 0, 0, -151.5, -151.5, 0, 0, 0, -151.5, 0, 0, 584.5, 0, 0, 0, 0, 0, 0, 0, 0, 0, 736, 0, 0, 0, 0, 0, 0]
Sharpe Ratio: 0.14
Annualized Sharpe: 2.218
Sharpe 95% CI: (np.float64(-0.887), np.float64(4.413))
Daily Win Rate (%): 36.84
Max Drawdown: -757.5
Profit Factor: 2.389
Expectancy: 26.654
Trades Per Month (Global): 6.916666666666667
Total Days: 104



Rolling 3 - Variant 3 - 10_9 - Fit Metrics
Trade Returns: [-151.5, -151.5, 273.4999999999961, -151.5, -63.99999999999449, -151.5, -151.5, 1111, -151.5, -151.5, -151.5, -151.5, 1111, -151.5, -151.5, -151.5, -151.5, -151.5, -151.5, -151.5, -151.5, -151.5, -151.5, 1111, -151.5, 1111, -151.5, -151.5, 1111, -151.5, -151.5, -151.5, -151.5, -151.5, 136.000000000039, -151.5, -151.5, 1111, -151.5, -151.5, -151.5, 1111, -151.5, 1111, -151.5, -151.5, -151.5, -151.5, -151.5, -151.5, -151.5, -151.5, -151.5, -151.5, -151.5, -151.5, -151.5, -151.5, -151.5, -151.5, -151.5, 473.50000000002956, 198.50000000000435, -151.5, -151.5, -151.5, -151.5, 461.0000000000032, -151.5, 585.9999999999894, -26.50000000002638, 1111, -151.5, -151.5, 1111, -151.5, 298.50000000004883, -151.5, -151.5, -151.5, 260.9999999999697, -151.5, 835.9999999999619]
Daily Returns: [-151.5, -151.5, 0, 273.4999999999961, -215.4999999999945, 0, 0, 0, 0, 0, 0, -151.5, 0, 0, 0, 0, 0, 0, 0, 0, 0, 0, -151.5, 0, 0, 0, 0, 0, 0, 0, 0, 1111, 0, -151.5, 0, 0, -151.5, 0, 0, 0, -151.5, 0, 0, 0, 0, -151.5, 959.5, 0, 0, 0, 0, 0, 0, 0, 0, 0, 0, -151.5, 0, 0, 0, 0, 0, -151.5, 0, -151.5, 0, 0, 0, 0, -151.5, 0, 0, 0, 0, -303.0, 0, 0, 0, 0, 0, 0, -151.5, 0, 0, 0, 0, -151.5, 0, -151.5, 0, 0, 0, 0, 0, 959.5, 0, 0, 0, 0, 0, 1111, 0, 0, 0, 0, 0, 0, -303.0, 0, 0, 0, 1111, 0, 0, -151.5, 0, 0, 0, 0, 0, -151.5, 0, -303.0, 0, -15.499999999961005, 0, 0, 0, 0, 0, 0, 0, 0, 0, -151.5, -151.5, 0, 0, 0, 0, 0, 1111, -151.5, 0, 0, 0, 0, 0, 0, 0, 0, 0, 0, 0, -151.5, 0, 0, 0, 0, 0, -151.5, 0, 0, 0, 0, 1111, 0, 0, 0, 0, 0, 0, 0, 0, 0, 0, -151.5, 0, 0, 0, 1111, 0, -151.5, 0, -151.5, 0, 0, 0, 0, 0, 0, 0, 0, 0, -454.5, -454.5, 0, 0, 0, 0, 0, -151.5, 0, 0, -151.5, 0, -303.0]
Sharpe Ratio: 0.051
Annualized Sharpe: 0.809
Sharpe 95% CI: (np.float64(-1.59), np.float64(2.538))
Daily Win Rate (%): 20.45
Max Drawdown: -1818.0
Profit Factor: 1.375
Expectancy: 11.615
Trades Per Month (Global): 6.916666666666667
Total Days: 208

Rolling 3 - Variant 3 - 10_9 - Test Metrics
Trade Returns: [-151.5, -151.5, 273.4999999999961, -151.5, -63.99999999999449, -151.5, -151.5, 1111, -151.5, -151.5, -151.5, -151.5, 1111, -151.5, -151.5, -151.5, -151.5, -151.5, -151.5, -151.5, -151.5, -151.5, -151.5, 1111, -151.5, 1111, -151.5, -151.5, 1111, -151.5, -151.5, -151.5, -151.5, -151.5, 136.000000000039, -151.5, -151.5, 1111, -151.5, -151.5, -151.5, 1111, -151.5, 1111, -151.5, -151.5, -151.5, -151.5, -151.5, -151.5, -151.5, -151.5, -151.5, -151.5, -151.5, -151.5, -151.5, -151.5, -151.5, -151.5, -151.5, 473.50000000002956, 198.50000000000435, -151.5, -151.5, -151.5, -151.5, 461.0000000000032, -151.5, 585.9999999999894, -26.50000000002638, 1111, -151.5, -151.5, 1111, -151.5, 298.50000000004883, -151.5, -151.5, -151.5, 260.9999999999697, -151.5, 835.9999999999619]
Daily Returns: [0, 0, 0, 0, 0, 0, 0, 0, 0, 0, 0, -303.0, 0, 0, 0, 0, 0, 0, 0, 0, 0, 0, 0, -151.5, 0, 0, 0, 0, 0, 0, -151.5, 0, 0, 0, 0, 0, -151.5, 0, 0, 0, 0, 0, 0, 0, 0, 672.0000000000339, 0, 0, 0, 0, -151.5, -303.0, 0, -151.5, 0, 0, 0, 461.0000000000032, 0, 0, 434.4999999999894, 0, 0, 0, 0, -26.50000000002638, 0, 0, 959.5, -151.5, 0, 1258.0000000000489, 0, 0, 0, 0, 0, 0, 0, -151.5, -151.5, 0, 0, 0, -151.5, 0, 0, 109.4999999999697, 0, 0, 0, 0, 0, 0, 0, 0, 0, 835.9999999999619, 0, 0, 0, 0, 0, 0]
Sharpe Ratio: 0.127
Annualized Sharpe: 2.023
Sharpe 95% CI: (np.float64(-1.339), np.float64(4.092))
Daily Win Rate (%): 36.84
Max Drawdown: -757.5
Profit Factor: 2.37
Expectancy: 26.293
Trades Per Month (Global): 6.916666666666667
Total Days: 104



Rolling 3 - Variant 4 - 10_12 - Fit Metrics
Trade Returns: [-151.5, -151.5, 273.4999999999961, -151.5, -63.99999999999449, -151.5, -151.5, 1486, -151.5, -151.5, -151.5, -151.5, 1061.0000000000482, -151.5, -151.5, -151.5, -151.5, -151.5, -151.5, -151.5, -151.5, -151.5, -151.5, 1486, -151.5, 860.9999999999592, -151.5, -151.5, 1486, -151.5, -151.5, -151.5, -151.5, -151.5, 136.000000000039, -151.5, -151.5, 1486, -151.5, -151.5, -151.5, -151.5, -151.5, 1486, -151.5, -151.5, -151.5, -151.5, -151.5, -151.5, -151.5, -151.5, -151.5, -151.5, -151.5, -151.5, -151.5, -151.5, -151.5, -151.5, -151.5, 473.50000000002956, 198.50000000000435, -151.5, -151.5, -151.5, -151.5, 461.0000000000032, -151.5, 585.9999999999894, -26.50000000002638, 1486, -151.5, -151.5, 860.9999999999592, -151.5, 298.50000000004883, -151.5, -151.5, -151.5, 260.9999999999697, -151.5, 835.9999999999619]
Daily Returns: [-151.5, -151.5, 0, 273.4999999999961, -215.4999999999945, 0, 0, 0, 0, 0, 0, -151.5, 0, 0, 0, 0, 0, 0, 0, 0, 0, 0, -151.5, 0, 0, 0, 0, 0, 0, 0, 0, 1486, 0, -151.5, 0, 0, -151.5, 0, 0, 0, -151.5, 0, 0, 0, 0, -151.5, 909.5000000000482, 0, 0, 0, 0, 0, 0, 0, 0, 0, 0, -151.5, 0, 0, 0, 0, 0, -151.5, 0, -151.5, 0, 0, 0, 0, -151.5, 0, 0, 0, 0, -303.0, 0, 0, 0, 0, 0, 0, -151.5, 0, 0, 0, 0, -151.5, 0, -151.5, 0, 0, 0, 0, 0, 1334.5, 0, 0, 0, 0, 0, 860.9999999999592, 0, 0, 0, 0, 0, 0, -303.0, 0, 0, 0, 1486, 0, 0, -151.5, 0, 0, 0, 0, 0, -151.5, 0, -303.0, 0, -15.499999999961005, 0, 0, 0, 0, 0, 0, 0, 0, 0, -151.5, -151.5, 0, 0, 0, 0, 0, 1486, -151.5, 0, 0, 0, 0, 0, 0, 0, 0, 0, 0, 0, -151.5, 0, 0, 0, 0, 0, -151.5, 0, 0, 0, 0, -151.5, 0, 0, 0, 0, 0, 0, 0, 0, 0, 0, -151.5, 0, 0, 0, 1486, 0, -151.5, 0, -151.5, 0, 0, 0, 0, 0, 0, 0, 0, 0, -454.5, -454.5, 0, 0, 0, 0, 0, -151.5, 0, 0, -151.5, 0, -303.0]
Sharpe Ratio: 0.051
Annualized Sharpe: 0.81
Sharpe 95% CI: (np.float64(-1.767), np.float64(2.459))
Daily Win Rate (%): 18.18
Max Drawdown: -1818.0
Profit Factor: 1.414
Expectancy: 13.118
Trades Per Month (Global): 6.916666666666667
Total Days: 208

Rolling 3 - Variant 4 - 10_12 - Test Metrics
Trade Returns: [-151.5, -151.5, 273.4999999999961, -151.5, -63.99999999999449, -151.5, -151.5, 1486, -151.5, -151.5, -151.5, -151.5, 1061.0000000000482, -151.5, -151.5, -151.5, -151.5, -151.5, -151.5, -151.5, -151.5, -151.5, -151.5, 1486, -151.5, 860.9999999999592, -151.5, -151.5, 1486, -151.5, -151.5, -151.5, -151.5, -151.5, 136.000000000039, -151.5, -151.5, 1486, -151.5, -151.5, -151.5, -151.5, -151.5, 1486, -151.5, -151.5, -151.5, -151.5, -151.5, -151.5, -151.5, -151.5, -151.5, -151.5, -151.5, -151.5, -151.5, -151.5, -151.5, -151.5, -151.5, 473.50000000002956, 198.50000000000435, -151.5, -151.5, -151.5, -151.5, 461.0000000000032, -151.5, 585.9999999999894, -26.50000000002638, 1486, -151.5, -151.5, 860.9999999999592, -151.5, 298.50000000004883, -151.5, -151.5, -151.5, 260.9999999999697, -151.5, 835.9999999999619]
Daily Returns: [0, 0, 0, 0, 0, 0, 0, 0, 0, 0, 0, -303.0, 0, 0, 0, 0, 0, 0, 0, 0, 0, 0, 0, -151.5, 0, 0, 0, 0, 0, 0, -151.5, 0, 0, 0, 0, 0, -151.5, 0, 0, 0, 0, 0, 0, 0, 0, 672.0000000000339, 0, 0, 0, 0, -151.5, -303.0, 0, -151.5, 0, 0, 0, 461.0000000000032, 0, 0, 434.4999999999894, 0, 0, 0, 0, -26.50000000002638, 0, 0, 1334.5, -151.5, 0, 1008.000000000008, 0, 0, 0, 0, 0, 0, 0, -151.5, -151.5, 0, 0, 0, -151.5, 0, 0, 109.4999999999697, 0, 0, 0, 0, 0, 0, 0, 0, 0, 835.9999999999619, 0, 0, 0, 0, 0, 0]
Sharpe Ratio: 0.129
Annualized Sharpe: 2.049
Sharpe 95% CI: (np.float64(-1.238), np.float64(4.09))
Daily Win Rate (%): 36.84
Max Drawdown: -757.5
Profit Factor: 2.433
Expectancy: 27.495
Trades Per Month (Global): 6.916666666666667
Total Days: 104



Rolling 4 - Variant 0 - 10_7 - Fit Metrics
Trade Returns: [-151.5, -151.5, 273.4999999999961, -151.5, -63.99999999999449, -151.5, -151.5, 861, -151.5, -151.5, -151.5, -151.5, 861, -151.5, -151.5, 861, -151.5, -151.5, -151.5, -151.5, -151.5, -151.5, -151.5, 861, -151.5, 861, -151.5, -151.5, 861, -151.5, -151.5, -151.5, -151.5, 861, 136.000000000039, -151.5, -151.5, 861, -151.5, -151.5, 861, 861, -151.5, 861, -151.5, -151.5, -151.5, -151.5, -151.5, -151.5, -151.5, -151.5, -151.5, -151.5, -151.5, -151.5, -151.5, -151.5, -151.5, -151.5, -151.5, 473.50000000002956, 198.50000000000435, -151.5, -151.5, -151.5, -151.5, 461.0000000000032, -151.5, 861, -26.50000000002638, 861, -151.5, -151.5, 861, -151.5, 298.50000000004883, -151.5, -151.5, -151.5, 861, -151.5, 861]
Daily Returns: [-151.5, -151.5, 0, 273.4999999999961, -215.4999999999945, 0, 0, 0, 0, 0, 0, -151.5, 0, 0, 0, 0, 0, 0, 0, 0, 0, 0, -151.5, 0, 0, 0, 0, 0, 0, 0, 0, 861, 0, -151.5, 0, 0, -151.5, 0, 0, 0, -151.5, 0, 0, 0, 0, -151.5, 709.5, 0, 0, 0, 0, 0, 0, 0, 0, 0, 0, -151.5, 0, 0, 0, 0, 0, 861, 0, -151.5, 0, 0, 0, 0, -151.5, 0, 0, 0, 0, -303.0, 0, 0, 0, 0, 0, 0, -151.5, 0, 0, 0, 0, -151.5, 0, -151.5, 0, 0, 0, 0, 0, 709.5, 0, 0, 0, 0, 0, 861, 0, 0, 0, 0, 0, 0, -303.0, 0, 0, 0, 861, 0, 0, -151.5, 0, 0, 0, 0, 0, -151.5, 0, -303.0, 0, 997.000000000039, 0, 0, 0, 0, 0, 0, 0, 0, 0, -151.5, -151.5, 0, 0, 0, 0, 0, 861, -151.5, 0, 0, 0, 0, 0, 0, 0, 0, 0, 0, 0, -151.5, 0, 0, 0, 0, 0, 861, 0, 0, 0, 0, 861, 0, 0, 0, 0, 0, 0, 0, 0, 0, 0, -151.5, 0, 0, 0, 861, 0, -151.5, 0, -151.5, 0, 0, 0, 0, 0, 0, 0, 0, 0, -454.5, -454.5, 0, 0, 0, 0, 0, -151.5, 0, 0, -151.5, 0, -303.0, 0, 0, 0, 0, 0, 0, 0, 0, 0, 0, 0, -303.0, 0, 0, 0, 0, 0, 0, 0, 0, 0, 0, 0, -151.5, 0, 0, 0, 0, 0, 0, -151.5, 0, 0, 0, 0, 0, -151.5, 0, 0, 0, 0, 0, 0, 0, 0, 672.0000000000339, 0, 0, 0, 0, -151.5, -303.0]
Sharpe Ratio: 0.057
Annualized Sharpe: 0.901
Sharpe 95% CI: (np.float64(-1.12), np.float64(2.527))
Daily Win Rate (%): 25.49
Max Drawdown: -2575.5
Profit Factor: 1.397
Expectancy: 11.206
Trades Per Month (Global): 6.916666666666667
Total Days: 260

Rolling 4 - Variant 0 - 10_7 - Test Metrics
Trade Returns: [-151.5, -151.5, 273.4999999999961, -151.5, -63.99999999999449, -151.5, -151.5, 861, -151.5, -151.5, -151.5, -151.5, 861, -151.5, -151.5, 861, -151.5, -151.5, -151.5, -151.5, -151.5, -151.5, -151.5, 861, -151.5, 861, -151.5, -151.5, 861, -151.5, -151.5, -151.5, -151.5, 861, 136.000000000039, -151.5, -151.5, 861, -151.5, -151.5, 861, 861, -151.5, 861, -151.5, -151.5, -151.5, -151.5, -151.5, -151.5, -151.5, -151.5, -151.5, -151.5, -151.5, -151.5, -151.5, -151.5, -151.5, -151.5, -151.5, 473.50000000002956, 198.50000000000435, -151.5, -151.5, -151.5, -151.5, 461.0000000000032, -151.5, 861, -26.50000000002638, 861, -151.5, -151.5, 861, -151.5, 298.50000000004883, -151.5, -151.5, -151.5, 861, -151.5, 861]
Daily Returns: [0, -151.5, 0, 0, 0, 461.0000000000032, 0, 0, 709.5, 0, 0, 0, 0, -26.50000000002638, 0, 0, 709.5, -151.5, 0, 1008.0000000000489, 0, 0, 0, 0, 0, 0, 0, -151.5, -151.5, 0, 0, 0, -151.5, 0, 0, 709.5, 0, 0, 0, 0, 0, 0, 0, 0, 0, 861, 0, 0, 0, 0, 0, 0]
Sharpe Ratio: 0.276
Annualized Sharpe: 4.386
Sharpe 95% CI: (np.float64(0.724), np.float64(7.171))
Daily Win Rate (%): 50.0
Max Drawdown: -454.5
Profit Factor: 5.687
Expectancy: 70.663
Trades Per Month (Global): 6.916666666666667
Total Days: 52



Rolling 4 - Variant 1 - 10_8 - Fit Metrics
Trade Returns: [-151.5, -151.5, 273.4999999999961, -151.5, -63.99999999999449, -151.5, -151.5, 986, -151.5, -151.5, -151.5, -151.5, 986, -151.5, -151.5, -151.5, -151.5, -151.5, -151.5, -151.5, -151.5, -151.5, -151.5, 986, -151.5, 986, -151.5, -151.5, 986, -151.5, -151.5, -151.5, -151.5, 986, 136.000000000039, -151.5, -151.5, 986, -151.5, -151.5, 986, 986, -151.5, 986, -151.5, -151.5, -151.5, -151.5, -151.5, -151.5, -151.5, -151.5, -151.5, -151.5, -151.5, -151.5, -151.5, -151.5, -151.5, -151.5, -151.5, 473.50000000002956, 198.50000000000435, -151.5, -151.5, -151.5, -151.5, 461.0000000000032, -151.5, 585.9999999999894, -26.50000000002638, 986, -151.5, -151.5, 986, -151.5, 298.50000000004883, -151.5, -151.5, -151.5, 260.9999999999697, -151.5, 835.9999999999619]
Daily Returns: [-151.5, -151.5, 0, 273.4999999999961, -215.4999999999945, 0, 0, 0, 0, 0, 0, -151.5, 0, 0, 0, 0, 0, 0, 0, 0, 0, 0, -151.5, 0, 0, 0, 0, 0, 0, 0, 0, 986, 0, -151.5, 0, 0, -151.5, 0, 0, 0, -151.5, 0, 0, 0, 0, -151.5, 834.5, 0, 0, 0, 0, 0, 0, 0, 0, 0, 0, -151.5, 0, 0, 0, 0, 0, -151.5, 0, -151.5, 0, 0, 0, 0, -151.5, 0, 0, 0, 0, -303.0, 0, 0, 0, 0, 0, 0, -151.5, 0, 0, 0, 0, -151.5, 0, -151.5, 0, 0, 0, 0, 0, 834.5, 0, 0, 0, 0, 0, 986, 0, 0, 0, 0, 0, 0, -303.0, 0, 0, 0, 986, 0, 0, -151.5, 0, 0, 0, 0, 0, -151.5, 0, -303.0, 0, 1122.000000000039, 0, 0, 0, 0, 0, 0, 0, 0, 0, -151.5, -151.5, 0, 0, 0, 0, 0, 986, -151.5, 0, 0, 0, 0, 0, 0, 0, 0, 0, 0, 0, -151.5, 0, 0, 0, 0, 0, 986, 0, 0, 0, 0, 986, 0, 0, 0, 0, 0, 0, 0, 0, 0, 0, -151.5, 0, 0, 0, 986, 0, -151.5, 0, -151.5, 0, 0, 0, 0, 0, 0, 0, 0, 0, -454.5, -454.5, 0, 0, 0, 0, 0, -151.5, 0, 0, -151.5, 0, -303.0, 0, 0, 0, 0, 0, 0, 0, 0, 0, 0, 0, -303.0, 0, 0, 0, 0, 0, 0, 0, 0, 0, 0, 0, -151.5, 0, 0, 0, 0, 0, 0, -151.5, 0, 0, 0, 0, 0, -151.5, 0, 0, 0, 0, 0, 0, 0, 0, 672.0000000000339, 0, 0, 0, 0, -151.5, -303.0]
Sharpe Ratio: 0.057
Annualized Sharpe: 0.907
Sharpe 95% CI: (np.float64(-1.215), np.float64(2.426))
Daily Win Rate (%): 23.53
Max Drawdown: -2575.5
Profit Factor: 1.421
Expectancy: 12.119
Trades Per Month (Global): 6.916666666666667
Total Days: 260

Rolling 4 - Variant 1 - 10_8 - Test Metrics
Trade Returns: [-151.5, -151.5, 273.4999999999961, -151.5, -63.99999999999449, -151.5, -151.5, 986, -151.5, -151.5, -151.5, -151.5, 986, -151.5, -151.5, -151.5, -151.5, -151.5, -151.5, -151.5, -151.5, -151.5, -151.5, 986, -151.5, 986, -151.5, -151.5, 986, -151.5, -151.5, -151.5, -151.5, 986, 136.000000000039, -151.5, -151.5, 986, -151.5, -151.5, 986, 986, -151.5, 986, -151.5, -151.5, -151.5, -151.5, -151.5, -151.5, -151.5, -151.5, -151.5, -151.5, -151.5, -151.5, -151.5, -151.5, -151.5, -151.5, -151.5, 473.50000000002956, 198.50000000000435, -151.5, -151.5, -151.5, -151.5, 461.0000000000032, -151.5, 585.9999999999894, -26.50000000002638, 986, -151.5, -151.5, 986, -151.5, 298.50000000004883, -151.5, -151.5, -151.5, 260.9999999999697, -151.5, 835.9999999999619]
Daily Returns: [0, -151.5, 0, 0, 0, 461.0000000000032, 0, 0, 434.4999999999894, 0, 0, 0, 0, -26.50000000002638, 0, 0, 834.5, -151.5, 0, 1133.0000000000489, 0, 0, 0, 0, 0, 0, 0, -151.5, -151.5, 0, 0, 0, -151.5, 0, 0, 109.4999999999697, 0, 0, 0, 0, 0, 0, 0, 0, 0, 835.9999999999619, 0, 0, 0, 0, 0, 0]
Sharpe Ratio: 0.239
Annualized Sharpe: 3.787
Sharpe 95% CI: (np.float64(-0.208), np.float64(6.387))
Daily Win Rate (%): 50.0
Max Drawdown: -454.5
Profit Factor: 4.858
Expectancy: 58.163
Trades Per Month (Global): 6.916666666666667
Total Days: 52



Rolling 4 - Variant 2 - 10_6 - Fit Metrics
Trade Returns: [-151.5, -151.5, 273.4999999999961, -151.5, -63.99999999999449, -151.5, -151.5, 736, -151.5, -151.5, -151.5, -151.5, 736, -151.5, -151.5, 736, -151.5, -151.5, -151.5, -151.5, -151.5, -151.5, -151.5, 736, -151.5, 736, -151.5, -151.5, 736, -151.5, -151.5, -151.5, -151.5, 736, 136.000000000039, -151.5, -151.5, 736, -151.5, -151.5, 736, 736, -151.5, 736, -151.5, -151.5, -151.5, -151.5, -151.5, -151.5, -151.5, -151.5, -151.5, -151.5, -151.5, -151.5, -151.5, -151.5, -151.5, -151.5, -151.5, 736, 198.50000000000435, -151.5, -151.5, -151.5, -151.5, 461.0000000000032, -151.5, 736, -26.50000000002638, 736, -151.5, -151.5, 736, -151.5, 298.50000000004883, -151.5, -151.5, -151.5, 736, -151.5, 736]
Daily Returns: [-151.5, -151.5, 0, 273.4999999999961, -215.4999999999945, 0, 0, 0, 0, 0, 0, -151.5, 0, 0, 0, 0, 0, 0, 0, 0, 0, 0, -151.5, 0, 0, 0, 0, 0, 0, 0, 0, 736, 0, -151.5, 0, 0, -151.5, 0, 0, 0, -151.5, 0, 0, 0, 0, -151.5, 584.5, 0, 0, 0, 0, 0, 0, 0, 0, 0, 0, -151.5, 0, 0, 0, 0, 0, 736, 0, -151.5, 0, 0, 0, 0, -151.5, 0, 0, 0, 0, -303.0, 0, 0, 0, 0, 0, 0, -151.5, 0, 0, 0, 0, -151.5, 0, -151.5, 0, 0, 0, 0, 0, 584.5, 0, 0, 0, 0, 0, 736, 0, 0, 0, 0, 0, 0, -303.0, 0, 0, 0, 736, 0, 0, -151.5, 0, 0, 0, 0, 0, -151.5, 0, -303.0, 0, 872.000000000039, 0, 0, 0, 0, 0, 0, 0, 0, 0, -151.5, -151.5, 0, 0, 0, 0, 0, 736, -151.5, 0, 0, 0, 0, 0, 0, 0, 0, 0, 0, 0, -151.5, 0, 0, 0, 0, 0, 736, 0, 0, 0, 0, 736, 0, 0, 0, 0, 0, 0, 0, 0, 0, 0, -151.5, 0, 0, 0, 736, 0, -151.5, 0, -151.5, 0, 0, 0, 0, 0, 0, 0, 0, 0, -454.5, -454.5, 0, 0, 0, 0, 0, -151.5, 0, 0, -151.5, 0, -303.0, 0, 0, 0, 0, 0, 0, 0, 0, 0, 0, 0, -303.0, 0, 0, 0, 0, 0, 0, 0, 0, 0, 0, 0, -151.5, 0, 0, 0, 0, 0, 0, -151.5, 0, 0, 0, 0, 0, -151.5, 0, 0, 0, 0, 0, 0, 0, 0, 934.5000000000043, 0, 0, 0, 0, -151.5, -303.0]
Sharpe Ratio: 0.038
Annualized Sharpe: 0.611
Sharpe 95% CI: (np.float64(-1.48), np.float64(2.315))
Daily Win Rate (%): 25.49
Max Drawdown: -2575.5
Profit Factor: 1.246
Expectancy: 6.927
Trades Per Month (Global): 6.916666666666667
Total Days: 260

Rolling 4 - Variant 2 - 10_6 - Test Metrics
Trade Returns: [-151.5, -151.5, 273.4999999999961, -151.5, -63.99999999999449, -151.5, -151.5, 736, -151.5, -151.5, -151.5, -151.5, 736, -151.5, -151.5, 736, -151.5, -151.5, -151.5, -151.5, -151.5, -151.5, -151.5, 736, -151.5, 736, -151.5, -151.5, 736, -151.5, -151.5, -151.5, -151.5, 736, 136.000000000039, -151.5, -151.5, 736, -151.5, -151.5, 736, 736, -151.5, 736, -151.5, -151.5, -151.5, -151.5, -151.5, -151.5, -151.5, -151.5, -151.5, -151.5, -151.5, -151.5, -151.5, -151.5, -151.5, -151.5, -151.5, 736, 198.50000000000435, -151.5, -151.5, -151.5, -151.5, 461.0000000000032, -151.5, 736, -26.50000000002638, 736, -151.5, -151.5, 736, -151.5, 298.50000000004883, -151.5, -151.5, -151.5, 736, -151.5, 736]
Daily Returns: [0, -151.5, 0, 0, 0, 461.0000000000032, 0, 0, 584.5, 0, 0, 0, 0, -26.50000000002638, 0, 0, 584.5, -151.5, 0, 883.0000000000489, 0, 0, 0, 0, 0, 0, 0, -151.5, -151.5, 0, 0, 0, -151.5, 0, 0, 584.5, 0, 0, 0, 0, 0, 0, 0, 0, 0, 736, 0, 0, 0, 0, 0, 0]
Sharpe Ratio: 0.265
Annualized Sharpe: 4.209
Sharpe 95% CI: (np.float64(0.434), np.float64(7.045))
Daily Win Rate (%): 50.0
Max Drawdown: -454.5
Profit Factor: 4.89
Expectancy: 58.644
Trades Per Month (Global): 6.916666666666667
Total Days: 52



Rolling 4 - Variant 3 - 10_4 - Fit Metrics
Trade Returns: [-151.5, -151.5, 273.4999999999961, -151.5, -63.99999999999449, -151.5, -151.5, 486, -151.5, -151.5, -151.5, -151.5, 486, -151.5, -151.5, 486, -151.5, -151.5, -151.5, -151.5, -151.5, -151.5, 486, 486, -151.5, 486, -151.5, -151.5, 486, -151.5, -151.5, -151.5, -151.5, 486, 136.000000000039, 486, -151.5, 486, -151.5, -151.5, 486, 486, 486, 486, -151.5, -151.5, -151.5, -151.5, -151.5, -151.5, -151.5, -151.5, -151.5, -151.5, -151.5, -151.5, -151.5, 486, -151.5, -151.5, -151.5, 486, 198.50000000000435, -151.5, -151.5, -151.5, -151.5, 486, -151.5, 486, -26.50000000002638, 486, -151.5, -151.5, 486, -151.5, 486, -151.5, -151.5, -151.5, 486, -151.5, 486]
Daily Returns: [-151.5, -151.5, 0, 273.4999999999961, -215.4999999999945, 0, 0, 0, 0, 0, 0, -151.5, 0, 0, 0, 0, 0, 0, 0, 0, 0, 0, -151.5, 0, 0, 0, 0, 0, 0, 0, 0, 486, 0, -151.5, 0, 0, -151.5, 0, 0, 0, -151.5, 0, 0, 0, 0, -151.5, 334.5, 0, 0, 0, 0, 0, 0, 0, 0, 0, 0, -151.5, 0, 0, 0, 0, 0, 486, 0, -151.5, 0, 0, 0, 0, -151.5, 0, 0, 0, 0, -303.0, 0, 0, 0, 0, 0, 0, -151.5, 0, 0, 0, 0, -151.5, 0, 486, 0, 0, 0, 0, 0, 334.5, 0, 0, 0, 0, 0, 486, 0, 0, 0, 0, 0, 0, -303.0, 0, 0, 0, 486, 0, 0, -151.5, 0, 0, 0, 0, 0, -151.5, 0, -303.0, 0, 622.000000000039, 0, 0, 0, 0, 0, 0, 0, 0, 0, 486, -151.5, 0, 0, 0, 0, 0, 486, -151.5, 0, 0, 0, 0, 0, 0, 0, 0, 0, 0, 0, -151.5, 0, 0, 0, 0, 0, 486, 0, 0, 0, 0, 486, 0, 0, 0, 0, 0, 0, 0, 0, 0, 0, 486, 0, 0, 0, 486, 0, -151.5, 0, -151.5, 0, 0, 0, 0, 0, 0, 0, 0, 0, -454.5, -454.5, 0, 0, 0, 0, 0, -151.5, 0, 0, -151.5, 0, -303.0, 0, 0, 0, 0, 0, 0, 0, 0, 0, 0, 0, 334.5, 0, 0, 0, 0, 0, 0, 0, 0, 0, 0, 0, -151.5, 0, 0, 0, 0, 0, 0, -151.5, 0, 0, 0, 0, 0, -151.5, 0, 0, 0, 0, 0, 0, 0, 0, 684.5000000000043, 0, 0, 0, 0, -151.5, -303.0]
Sharpe Ratio: 0.036
Annualized Sharpe: 0.573
Sharpe 95% CI: (np.float64(-1.436), np.float64(2.315))
Daily Win Rate (%): 33.33
Max Drawdown: -1938.0
Profit Factor: 1.205
Expectancy: 5.196
Trades Per Month (Global): 6.916666666666667
Total Days: 260

Rolling 4 - Variant 3 - 10_4 - Test Metrics
Trade Returns: [-151.5, -151.5, 273.4999999999961, -151.5, -63.99999999999449, -151.5, -151.5, 486, -151.5, -151.5, -151.5, -151.5, 486, -151.5, -151.5, 486, -151.5, -151.5, -151.5, -151.5, -151.5, -151.5, 486, 486, -151.5, 486, -151.5, -151.5, 486, -151.5, -151.5, -151.5, -151.5, 486, 136.000000000039, 486, -151.5, 486, -151.5, -151.5, 486, 486, 486, 486, -151.5, -151.5, -151.5, -151.5, -151.5, -151.5, -151.5, -151.5, -151.5, -151.5, -151.5, -151.5, -151.5, 486, -151.5, -151.5, -151.5, 486, 198.50000000000435, -151.5, -151.5, -151.5, -151.5, 486, -151.5, 486, -26.50000000002638, 486, -151.5, -151.5, 486, -151.5, 486, -151.5, -151.5, -151.5, 486, -151.5, 486]
Daily Returns: [0, -151.5, 0, 0, 0, 486, 0, 0, 334.5, 0, 0, 0, 0, -26.50000000002638, 0, 0, 334.5, -151.5, 0, 820.5, 0, 0, 0, 0, 0, 0, 0, -151.5, -151.5, 0, 0, 0, -151.5, 0, 0, 334.5, 0, 0, 0, 0, 0, 0, 0, 0, 0, 486, 0, 0, 0, 0, 0, 0]
Sharpe Ratio: 0.224
Annualized Sharpe: 3.559
Sharpe 95% CI: (np.float64(-0.699), np.float64(6.429))
Daily Win Rate (%): 50.0
Max Drawdown: -454.5
Profit Factor: 3.566
Expectancy: 38.692
Trades Per Month (Global): 6.916666666666667
Total Days: 52



Rolling 4 - Variant 4 - 10_12 - Fit Metrics
Trade Returns: [-151.5, -151.5, 273.4999999999961, -151.5, -63.99999999999449, -151.5, -151.5, 1486, -151.5, -151.5, -151.5, -151.5, 1061.0000000000482, -151.5, -151.5, -151.5, -151.5, -151.5, -151.5, -151.5, -151.5, -151.5, -151.5, 1486, -151.5, 860.9999999999592, -151.5, -151.5, 1486, -151.5, -151.5, -151.5, -151.5, -151.5, 136.000000000039, -151.5, -151.5, 1486, -151.5, -151.5, -151.5, -151.5, -151.5, 1486, -151.5, -151.5, -151.5, -151.5, -151.5, -151.5, -151.5, -151.5, -151.5, -151.5, -151.5, -151.5, -151.5, -151.5, -151.5, -151.5, -151.5, 473.50000000002956, 198.50000000000435, -151.5, -151.5, -151.5, -151.5, 461.0000000000032, -151.5, 585.9999999999894, -26.50000000002638, 1486, -151.5, -151.5, 860.9999999999592, -151.5, 298.50000000004883, -151.5, -151.5, -151.5, 260.9999999999697, -151.5, 835.9999999999619]
Daily Returns: [-151.5, -151.5, 0, 273.4999999999961, -215.4999999999945, 0, 0, 0, 0, 0, 0, -151.5, 0, 0, 0, 0, 0, 0, 0, 0, 0, 0, -151.5, 0, 0, 0, 0, 0, 0, 0, 0, 1486, 0, -151.5, 0, 0, -151.5, 0, 0, 0, -151.5, 0, 0, 0, 0, -151.5, 909.5000000000482, 0, 0, 0, 0, 0, 0, 0, 0, 0, 0, -151.5, 0, 0, 0, 0, 0, -151.5, 0, -151.5, 0, 0, 0, 0, -151.5, 0, 0, 0, 0, -303.0, 0, 0, 0, 0, 0, 0, -151.5, 0, 0, 0, 0, -151.5, 0, -151.5, 0, 0, 0, 0, 0, 1334.5, 0, 0, 0, 0, 0, 860.9999999999592, 0, 0, 0, 0, 0, 0, -303.0, 0, 0, 0, 1486, 0, 0, -151.5, 0, 0, 0, 0, 0, -151.5, 0, -303.0, 0, -15.499999999961005, 0, 0, 0, 0, 0, 0, 0, 0, 0, -151.5, -151.5, 0, 0, 0, 0, 0, 1486, -151.5, 0, 0, 0, 0, 0, 0, 0, 0, 0, 0, 0, -151.5, 0, 0, 0, 0, 0, -151.5, 0, 0, 0, 0, -151.5, 0, 0, 0, 0, 0, 0, 0, 0, 0, 0, -151.5, 0, 0, 0, 1486, 0, -151.5, 0, -151.5, 0, 0, 0, 0, 0, 0, 0, 0, 0, -454.5, -454.5, 0, 0, 0, 0, 0, -151.5, 0, 0, -151.5, 0, -303.0, 0, 0, 0, 0, 0, 0, 0, 0, 0, 0, 0, -303.0, 0, 0, 0, 0, 0, 0, 0, 0, 0, 0, 0, -151.5, 0, 0, 0, 0, 0, 0, -151.5, 0, 0, 0, 0, 0, -151.5, 0, 0, 0, 0, 0, 0, 0, 0, 672.0000000000339, 0, 0, 0, 0, -151.5, -303.0]
Sharpe Ratio: 0.036
Annualized Sharpe: 0.566
Sharpe 95% CI: (np.float64(-1.831), np.float64(2.084))
Daily Win Rate (%): 17.65
Max Drawdown: -2575.5
Profit Factor: 1.28
Expectancy: 8.417
Trades Per Month (Global): 6.916666666666667
Total Days: 260

Rolling 4 - Variant 4 - 10_12 - Test Metrics
Trade Returns: [-151.5, -151.5, 273.4999999999961, -151.5, -63.99999999999449, -151.5, -151.5, 1486, -151.5, -151.5, -151.5, -151.5, 1061.0000000000482, -151.5, -151.5, -151.5, -151.5, -151.5, -151.5, -151.5, -151.5, -151.5, -151.5, 1486, -151.5, 860.9999999999592, -151.5, -151.5, 1486, -151.5, -151.5, -151.5, -151.5, -151.5, 136.000000000039, -151.5, -151.5, 1486, -151.5, -151.5, -151.5, -151.5, -151.5, 1486, -151.5, -151.5, -151.5, -151.5, -151.5, -151.5, -151.5, -151.5, -151.5, -151.5, -151.5, -151.5, -151.5, -151.5, -151.5, -151.5, -151.5, 473.50000000002956, 198.50000000000435, -151.5, -151.5, -151.5, -151.5, 461.0000000000032, -151.5, 585.9999999999894, -26.50000000002638, 1486, -151.5, -151.5, 860.9999999999592, -151.5, 298.50000000004883, -151.5, -151.5, -151.5, 260.9999999999697, -151.5, 835.9999999999619]
Daily Returns: [0, -151.5, 0, 0, 0, 461.0000000000032, 0, 0, 434.4999999999894, 0, 0, 0, 0, -26.50000000002638, 0, 0, 1334.5, -151.5, 0, 1008.000000000008, 0, 0, 0, 0, 0, 0, 0, -151.5, -151.5, 0, 0, 0, -151.5, 0, 0, 109.4999999999697, 0, 0, 0, 0, 0, 0, 0, 0, 0, 835.9999999999619, 0, 0, 0, 0, 0, 0]
Sharpe Ratio: 0.239
Annualized Sharpe: 3.801
Sharpe 95% CI: (np.float64(-0.013), np.float64(6.336))
Daily Win Rate (%): 50.0
Max Drawdown: -454.5
Profit Factor: 5.336
Expectancy: 65.375
Trades Per Month (Global): 6.916666666666667
Total Days: 52

