Rolling 0 - Variant 0 - 10_3 - Fit Metrics
Trade Returns: [-151.5, 361, -151.5, -151.5, 261.00000000002524, -151.5, 361, -151.5, -151.5, -151.5, 361, 361, -151.5, -151.5, -151.5, 361, -151.5, -151.5, 361, -151.5, -151.5, -151.5, -151.5, 361, 361, -151.5, -151.5, -151.5, -151.5, 361, -151.5, -151.5, -151.5, -151.5, -151.5, -151.5, 361, 361, 361, -151.5, 361, 361, -151.5, 361, 361, -151.5, -151.5, 361, -151.5, 361, 361, 361, -151.5, -151.5, 361, -151.5, -151.5, -151.5, 361, 361, -151.5, 361, 361, -151.5, -151.5, -151.5, -151.5, -151.5, -151.5, -151.5, -151.5, -151.5, 361, -151.5, -151.5, -151.5, -151.5, -151.5, 361, 361, -151.5, -151.5, 361, -151.5, 361, 361, 361, -151.5, 361]
Daily Returns: [-151.5, 361, 0, -303.0, 0, 0, 0, 0, 0, 0, 0, 0, 0, 0, 0, 0, 0, 0, 0, 0, 0, 0, 0, 0, 0, 0, 0, 0, 0, 109.50000000002524, 361, 0, 0, 0, 0, 0, 0, -151.5, 0, 0, 0, 0, 0, 0, 0, 0, 0, 0, -151.5, 0, 0, 0, 0, 0, -151.5, 361, 0, 361, 0, -151.5, 0]
Sharpe Ratio: 0.073
Annualized Sharpe: 1.158
Sharpe 95% CI: (np.float64(-3.339), np.float64(4.612))
Daily Win Rate (%): 45.45
Max Drawdown: -454.5
Profit Factor: 1.465
Expectancy: 8.082
Trades Per Month (Global): 7.416666666666667
Total Days: 61

Rolling 0 - Variant 0 - 10_3 - Test Metrics
Trade Returns: [-151.5, 361, -151.5, -151.5, 261.00000000002524, -151.5, 361, -151.5, -151.5, -151.5, 361, 361, -151.5, -151.5, -151.5, 361, -151.5, -151.5, 361, -151.5, -151.5, -151.5, -151.5, 361, 361, -151.5, -151.5, -151.5, -151.5, 361, -151.5, -151.5, -151.5, -151.5, -151.5, -151.5, 361, 361, 361, -151.5, 361, 361, -151.5, 361, 361, -151.5, -151.5, 361, -151.5, 361, 361, 361, -151.5, -151.5, 361, -151.5, -151.5, -151.5, 361, 361, -151.5, 361, 361, -151.5, -151.5, -151.5, -151.5, -151.5, -151.5, -151.5, -151.5, -151.5, 361, -151.5, -151.5, -151.5, -151.5, -151.5, 361, 361, -151.5, -151.5, 361, -151.5, 361, 361, 361, -151.5, 361]
Daily Returns: [0, -151.5, 0, 0, 0, -151.5, 0, 0, 0, 0, 361, -151.5, 0, 0, 0, 0, 0, 0, 0, 0, 0, 0, -151.5, 0, 0, 0, 0, 0, 361, -151.5, 0, 0, 0, 0, 0, -151.5, 0, 0, 0, 0, -151.5, 0, 0, 0, 0, 0, 0, -151.5, 0, 0, 0, 0, 0, 0, 361, 0, 0, 0, 0, 0, 209.5, 0, 0, 0, 0, 0, 0, 0, 0, 0, 0, 0, 0, -454.5, 0, 0, 0, 209.5, 0, 0, -151.5, 0, 0, 0, 0, 0, -151.5, 0, -303.0, -151.5, 722, 0, 0, 0, 0, 0, 0, 0, 0, 0, 361, 0, -151.5, 361, 0, 0, 0, 361, -151.5, 0, 0, 0, 0, 0, 0, 0, 0, 0, 0, 0, 361, 0, 0, 0, 0, 0, 209.5, 0, 0, 0, 0, -151.5, 0, 0, 0, 0, 0, 0, 361, 0, 0, 0, -151.5, 0, 0, 0, 361, 0, 0, 0, 361, 0, 361, 0, 0, 0, 0, 0, 0, 0, -303.0, 58.0, 0, 0, 0, 0, 0, -151.5, 0, 0, 361, 0, 209.5, 0, 0, 0, 0, 0, 0, 0, 0, 0, 0, 0, 722, 0, 0, 0, 0, 0, 0, 0, 0, 0, 0, 0, -151.5, 0, 0, 0, 0, 0, 0, -151.5, 0, 0, 0, 0, -151.5, 0, 0, 0, 0, 0, 0, -151.5, 0, -151.5, -151.5, 0, 0, -151.5, 0, 0, -151.5, 0, -151.5, 0, 0, 0, 361, 0, 0, -151.5, 0, 0, -151.5, 0, 0, 0, 0, -151.5, -151.5, -151.5, 722, 0, 0, 0, 0, 0, 0, 0, -151.5, 0, 0, 0, 0, -151.5, 0, 0, 209.5, 0, 0, 0, 361, 0, 0, 0, 0, 0, 361, 0, 0, 0, 0, 0, 0, 0, 0, 0, 0, 361, -151.5, 361, 0, 0, 0, 0, 0, 0]
Sharpe Ratio: 0.087
Annualized Sharpe: 1.378
Sharpe 95% CI: (np.float64(-0.473), np.float64(2.931))
Daily Win Rate (%): 41.94
Max Drawdown: -1760.0
Profit Factor: 1.553
Expectancy: 11.547
Trades Per Month (Global): 7.416666666666667
Total Days: 290



Rolling 0 - Variant 1 - 10_2 - Fit Metrics
Trade Returns: [236, 236, -151.5, -151.5, 236, -151.5, 236, -151.5, -151.5, -151.5, 236, 236, -151.5, -151.5, 236, 236, -151.5, -151.5, 236, -151.5, -151.5, -151.5, -151.5, 236, 236, -151.5, -151.5, -151.5, -151.5, 236, -151.5, -151.5, -151.5, -151.5, 236, -151.5, 236, 236, 236, -151.5, 236, 236, -151.5, 236, 236, -151.5, 236, 236, -151.5, 236, 236, 236, 236, -151.5, 236, -151.5, -151.5, -151.5, 236, 236, -151.5, 236, 236, -151.5, -151.5, -151.5, -151.5, -151.5, -151.5, -151.5, -151.5, -151.5, 236, -151.5, -151.5, -151.5, -151.5, -151.5, 236, 236, -151.5, -151.5, 236, -151.5, 236, 236, 236, -151.5, 236]
Daily Returns: [236, 236, 0, -303.0, 0, 0, 0, 0, 0, 0, 0, 0, 0, 0, 0, 0, 0, 0, 0, 0, 0, 0, 0, 0, 0, 0, 0, 0, 0, 84.5, 236, 0, 0, 0, 0, 0, 0, -151.5, 0, 0, 0, 0, 0, 0, 0, 0, 0, 0, -151.5, 0, 0, 0, 0, 0, -151.5, 236, 0, 236, 0, -151.5, 0]
Sharpe Ratio: 0.066
Annualized Sharpe: 1.048
Sharpe 95% CI: (np.float64(-2.964), np.float64(4.923))
Daily Win Rate (%): 54.55
Max Drawdown: -454.5
Profit Factor: 1.391
Expectancy: 5.828
Trades Per Month (Global): 7.416666666666667
Total Days: 61

Rolling 0 - Variant 1 - 10_2 - Test Metrics
Trade Returns: [236, 236, -151.5, -151.5, 236, -151.5, 236, -151.5, -151.5, -151.5, 236, 236, -151.5, -151.5, 236, 236, -151.5, -151.5, 236, -151.5, -151.5, -151.5, -151.5, 236, 236, -151.5, -151.5, -151.5, -151.5, 236, -151.5, -151.5, -151.5, -151.5, 236, -151.5, 236, 236, 236, -151.5, 236, 236, -151.5, 236, 236, -151.5, 236, 236, -151.5, 236, 236, 236, 236, -151.5, 236, -151.5, -151.5, -151.5, 236, 236, -151.5, 236, 236, -151.5, -151.5, -151.5, -151.5, -151.5, -151.5, -151.5, -151.5, -151.5, 236, -151.5, -151.5, -151.5, -151.5, -151.5, 236, 236, -151.5, -151.5, 236, -151.5, 236, 236, 236, -151.5, 236]
Daily Returns: [0, -151.5, 0, 0, 0, 236, 0, 0, 0, 0, 236, -151.5, 0, 0, 0, 0, 0, 0, 0, 0, 0, 0, -151.5, 0, 0, 0, 0, 0, 236, -151.5, 0, 0, 0, 0, 0, -151.5, 0, 0, 0, 0, -151.5, 0, 0, 0, 0, 0, 0, -151.5, 0, 0, 0, 0, 0, 0, 236, 0, 0, 0, 0, 0, 84.5, 0, 0, 0, 0, 0, 0, 0, 0, 0, 0, 0, 0, -454.5, 0, 0, 0, 84.5, 0, 0, -151.5, 0, 0, 0, 0, 0, -151.5, 0, 84.5, -151.5, 472, 0, 0, 0, 0, 0, 0, 0, 0, 0, 236, 0, -151.5, 236, 0, 0, 0, 236, -151.5, 0, 0, 0, 0, 0, 0, 0, 0, 0, 0, 0, 236, 0, 0, 0, 0, 0, 84.5, 0, 0, 0, 0, 236, 0, 0, 0, 0, 0, 0, 236, 0, 0, 0, -151.5, 0, 0, 0, 236, 0, 0, 0, 236, 0, 236, 0, 0, 0, 0, 0, 0, 0, 84.5, -67.0, 0, 0, 0, 0, 0, -151.5, 0, 0, 236, 0, 84.5, 0, 0, 0, 0, 0, 0, 0, 0, 0, 0, 0, 472, 0, 0, 0, 0, 0, 0, 0, 0, 0, 0, 0, -151.5, 0, 0, 0, 0, 0, 0, -151.5, 0, 0, 0, 0, -151.5, 0, 0, 0, 0, 0, 0, -151.5, 0, -151.5, -151.5, 0, 0, -151.5, 0, 0, -151.5, 0, -151.5, 0, 0, 0, 236, 0, 0, -151.5, 0, 0, -151.5, 0, 0, 0, 0, -151.5, -151.5, -151.5, 472, 0, 0, 0, 0, 0, 0, 0, -151.5, 0, 0, 0, 0, -151.5, 0, 0, 84.5, 0, 0, 0, 236, 0, 0, 0, 0, 0, 236, 0, 0, 0, 0, 0, 0, 0, 0, 0, 0, 236, -151.5, 236, 0, 0, 0, 0, 0, 0]
Sharpe Ratio: 0.045
Annualized Sharpe: 0.722
Sharpe 95% CI: (np.float64(-1.184), np.float64(2.394))
Daily Win Rate (%): 46.77
Max Drawdown: -1885.0
Profit Factor: 1.244
Expectancy: 4.391
Trades Per Month (Global): 7.416666666666667
Total Days: 290



Rolling 0 - Variant 2 - 20_5 - Fit Metrics
Trade Returns: [-144.5, 118.00000000001398, -144.5, 618, 130.50000000001262, -82.0000000000195, -69.50000000002088, -144.5, -144.5, -144.5, -144.5, 618, -144.5, -144.5, -144.5, -144.5, -144.5, -144.5, 618, -144.5, -144.5, -144.5, -144.5, -144.5, 618, -144.5, -144.5, -144.5, -144.5, 618, -144.5, -144.5, -144.5, -144.5, -144.5, 618, -144.5, 80.50000000001812, 261.75000000001205, -144.5, 618, 618, -144.5, 618, 618, -144.5, -144.5, 618, -144.5, 618, 618, -144.5, -144.5, -144.5, 618, -144.5, -144.5, -144.5, -144.5, 618, -144.5, 618, -144.5, -144.5, -144.5, -144.5, -144.5, -144.5, -144.5, -144.5, -144.5, -144.5, 286.75000000000927, -144.5, -144.5, -7.0, -144.5, -144.5, 430.4999999999796, 143.00000000001123, -144.5, -144.5, 142.9999999999835, -144.5, -144.5, 399.2499999999969, 205.50000000000435, -144.5, 618]
Daily Returns: [-144.5, 118.00000000001398, 0, 473.5, 0, 0, 0, 0, 0, 0, 0, 0, 0, 0, 0, 0, 0, 0, 0, 0, 0, 0, 0, 0, 0, 0, 0, 0, 0, 48.49999999999312, -69.50000000002088, 0, 0, 0, 0, 0, 0, -144.5, 0, 0, 0, 0, 0, 0, 0, 0, 0, 0, -144.5, 0, 0, 0, 0, 0, -144.5, -144.5, 0, 618, 0, -144.5, 0]
Sharpe Ratio: 0.047
Annualized Sharpe: 0.748
Sharpe 95% CI: (np.float64(-5.549), np.float64(3.633))
Daily Win Rate (%): 36.36
Max Drawdown: -647.5
Profit Factor: 1.343
Expectancy: 5.27
Trades Per Month (Global): 7.416666666666667
Total Days: 61

Rolling 0 - Variant 2 - 20_5 - Test Metrics
Trade Returns: [-144.5, 118.00000000001398, -144.5, 618, 130.50000000001262, -82.0000000000195, -69.50000000002088, -144.5, -144.5, -144.5, -144.5, 618, -144.5, -144.5, -144.5, -144.5, -144.5, -144.5, 618, -144.5, -144.5, -144.5, -144.5, -144.5, 618, -144.5, -144.5, -144.5, -144.5, 618, -144.5, -144.5, -144.5, -144.5, -144.5, 618, -144.5, 80.50000000001812, 261.75000000001205, -144.5, 618, 618, -144.5, 618, 618, -144.5, -144.5, 618, -144.5, 618, 618, -144.5, -144.5, -144.5, 618, -144.5, -144.5, -144.5, -144.5, 618, -144.5, 618, -144.5, -144.5, -144.5, -144.5, -144.5, -144.5, -144.5, -144.5, -144.5, -144.5, 286.75000000000927, -144.5, -144.5, -7.0, -144.5, -144.5, 430.4999999999796, 143.00000000001123, -144.5, -144.5, 142.9999999999835, -144.5, -144.5, 399.2499999999969, 205.50000000000435, -144.5, 618]
Daily Returns: [0, -144.5, 0, 0, 0, -144.5, 0, 0, 0, 0, -144.5, -144.5, 0, 0, 0, 0, 0, 0, 0, 0, 0, 0, -144.5, 0, 0, 0, 0, 0, 618, -144.5, 0, 0, 0, 0, 0, -144.5, 0, 0, 0, 0, -144.5, 0, 0, 0, 0, 0, 0, -144.5, 0, 0, 0, 0, 0, 0, -144.5, 0, 0, 0, 0, 0, 473.5, 0, 0, 0, 0, 0, 0, 0, 0, 0, 0, 0, 0, -433.5, 0, 0, 0, 473.5, 0, 0, -144.5, 0, 0, 0, 0, 0, -144.5, 0, -289.0, 618, -63.99999999998188, 0, 0, 0, 0, 0, 0, 0, 0, 0, 261.75000000001205, 0, -144.5, 618, 0, 0, 0, 618, -144.5, 0, 0, 0, 0, 0, 0, 0, 0, 0, 0, 0, 618, 0, 0, 0, 0, 0, 473.5, 0, 0, 0, 0, -144.5, 0, 0, 0, 0, 0, 0, 618, 0, 0, 0, -144.5, 0, 0, 0, 618, 0, 0, 0, 618, 0, -144.5, 0, 0, 0, 0, 0, 0, 0, -289.0, 329.0, 0, 0, 0, 0, 0, -144.5, 0, 0, -144.5, 0, 473.5, 0, 0, 0, 0, 0, 0, 0, 0, 0, 0, 0, 473.5, 0, 0, 0, 0, 0, 0, 0, 0, 0, 0, 0, -144.5, 0, 0, 0, 0, 0, 0, -144.5, 0, 0, 0, 0, -144.5, 0, 0, 0, 0, 0, 0, -144.5, 0, -144.5, -144.5, 0, 0, -144.5, 0, 0, -144.5, 0, -144.5, 0, 0, 0, 286.75000000000927, 0, 0, -144.5, 0, 0, -144.5, 0, 0, 0, 0, -7.0, -144.5, -144.5, 573.4999999999908, 0, 0, 0, 0, 0, 0, 0, -144.5, 0, 0, 0, 0, -144.5, 0, 0, -1.500000000016513, 0, 0, 0, -144.5, 0, 0, 0, 0, 0, 399.2499999999969, 0, 0, 0, 0, 0, 0, 0, 0, 0, 0, 205.50000000000435, -144.5, 618, 0, 0, 0, 0, 0, 0]
Sharpe Ratio: 0.086
Annualized Sharpe: 1.36
Sharpe 95% CI: (np.float64(-0.471), np.float64(2.841))
Daily Win Rate (%): 32.26
Max Drawdown: -1598.75
Profit Factor: 1.588
Expectancy: 12.756
Trades Per Month (Global): 7.416666666666667
Total Days: 290



Rolling 0 - Variant 3 - 10_5 - Fit Metrics
Trade Returns: [-151.5, 236.00000000002797, -151.5, -151.5, 261.00000000002524, -151.5, 611, -151.5, -151.5, -151.5, -151.5, 611, -151.5, -151.5, -151.5, -151.5, -151.5, -151.5, 611, -151.5, -151.5, -151.5, -151.5, -151.5, 611, -151.5, -151.5, -151.5, -151.5, 611, -151.5, -151.5, -151.5, -151.5, -151.5, -151.5, 611, 161.00000000003624, 611, -151.5, 611, 611, -151.5, 611, 611, -151.5, -151.5, 611, -151.5, 611, 611, 611, -151.5, -151.5, 611, -151.5, -151.5, -151.5, 611, 611, -151.5, 611, -151.5, -151.5, -151.5, -151.5, -151.5, -151.5, -151.5, -151.5, -151.5, -151.5, 611, -151.5, -151.5, -151.5, -151.5, -151.5, 611, 286.00000000002245, -151.5, -151.5, 611, -151.5, 611, 611, 611, -151.5, 611]
Daily Returns: [-151.5, 236.00000000002797, 0, -303.0, 0, 0, 0, 0, 0, 0, 0, 0, 0, 0, 0, 0, 0, 0, 0, 0, 0, 0, 0, 0, 0, 0, 0, 0, 0, 109.50000000002524, 611, 0, 0, 0, 0, 0, 0, -151.5, 0, 0, 0, 0, 0, 0, 0, 0, 0, 0, -151.5, 0, 0, 0, 0, 0, -151.5, -151.5, 0, 611, 0, -151.5, 0]
Sharpe Ratio: 0.044
Annualized Sharpe: 0.702
Sharpe 95% CI: (np.float64(-5.046), np.float64(3.745))
Daily Win Rate (%): 36.36
Max Drawdown: -606.0
Profit Factor: 1.293
Expectancy: 5.828
Trades Per Month (Global): 7.416666666666667
Total Days: 61

Rolling 0 - Variant 3 - 10_5 - Test Metrics
Trade Returns: [-151.5, 236.00000000002797, -151.5, -151.5, 261.00000000002524, -151.5, 611, -151.5, -151.5, -151.5, -151.5, 611, -151.5, -151.5, -151.5, -151.5, -151.5, -151.5, 611, -151.5, -151.5, -151.5, -151.5, -151.5, 611, -151.5, -151.5, -151.5, -151.5, 611, -151.5, -151.5, -151.5, -151.5, -151.5, -151.5, 611, 161.00000000003624, 611, -151.5, 611, 611, -151.5, 611, 611, -151.5, -151.5, 611, -151.5, 611, 611, 611, -151.5, -151.5, 611, -151.5, -151.5, -151.5, 611, 611, -151.5, 611, -151.5, -151.5, -151.5, -151.5, -151.5, -151.5, -151.5, -151.5, -151.5, -151.5, 611, -151.5, -151.5, -151.5, -151.5, -151.5, 611, 286.00000000002245, -151.5, -151.5, 611, -151.5, 611, 611, 611, -151.5, 611]
Daily Returns: [0, -151.5, 0, 0, 0, -151.5, 0, 0, 0, 0, -151.5, -151.5, 0, 0, 0, 0, 0, 0, 0, 0, 0, 0, -151.5, 0, 0, 0, 0, 0, 611, -151.5, 0, 0, 0, 0, 0, -151.5, 0, 0, 0, 0, -151.5, 0, 0, 0, 0, 0, 0, -151.5, 0, 0, 0, 0, 0, 0, -151.5, 0, 0, 0, 0, 0, 459.5, 0, 0, 0, 0, 0, 0, 0, 0, 0, 0, 0, 0, -454.5, 0, 0, 0, 459.5, 0, 0, -151.5, 0, 0, 0, 0, 0, -151.5, 0, -303.0, -151.5, 772.0000000000363, 0, 0, 0, 0, 0, 0, 0, 0, 0, 611, 0, -151.5, 611, 0, 0, 0, 611, -151.5, 0, 0, 0, 0, 0, 0, 0, 0, 0, 0, 0, 611, 0, 0, 0, 0, 0, 459.5, 0, 0, 0, 0, -151.5, 0, 0, 0, 0, 0, 0, 611, 0, 0, 0, -151.5, 0, 0, 0, 611, 0, 0, 0, 611, 0, 611, 0, 0, 0, 0, 0, 0, 0, -303.0, 308.0, 0, 0, 0, 0, 0, -151.5, 0, 0, 611, 0, 459.5, 0, 0, 0, 0, 0, 0, 0, 0, 0, 0, 0, 459.5, 0, 0, 0, 0, 0, 0, 0, 0, 0, 0, 0, -151.5, 0, 0, 0, 0, 0, 0, -151.5, 0, 0, 0, 0, -151.5, 0, 0, 0, 0, 0, 0, -151.5, 0, -151.5, -151.5, 0, 0, -151.5, 0, 0, -151.5, 0, -151.5, 0, 0, 0, 611, 0, 0, -151.5, 0, 0, -151.5, 0, 0, 0, 0, -151.5, -151.5, -151.5, 897.0000000000225, 0, 0, 0, 0, 0, 0, 0, -151.5, 0, 0, 0, 0, -151.5, 0, 0, 459.5, 0, 0, 0, 611, 0, 0, 0, 0, 0, 611, 0, 0, 0, 0, 0, 0, 0, 0, 0, 0, 611, -151.5, 611, 0, 0, 0, 0, 0, 0]
Sharpe Ratio: 0.144
Annualized Sharpe: 2.292
Sharpe 95% CI: (np.float64(0.649), np.float64(3.672))
Daily Win Rate (%): 38.71
Max Drawdown: -1510.0
Profit Factor: 2.184
Expectancy: 25.986
Trades Per Month (Global): 7.416666666666667
Total Days: 290



Rolling 0 - Variant 4 - 10_11 - Fit Metrics
Trade Returns: [-151.5, 236.00000000002797, -151.5, -151.5, 261.00000000002524, -151.5, -151.5, -151.5, -151.5, -151.5, -151.5, 1361, -151.5, -151.5, -151.5, -151.5, -151.5, -151.5, -151.5, -151.5, -151.5, -151.5, -151.5, -151.5, 1361, -151.5, -151.5, -151.5, -151.5, 1361, -151.5, -151.5, -151.5, -151.5, -151.5, -151.5, -151.5, 161.00000000003624, -151.5, -151.5, 1361, 1361, -151.5, 1361, 1361, -151.5, -151.5, 1361, -151.5, 1361, -151.5, -151.5, -151.5, -151.5, 1361, -151.5, -151.5, -151.5, -151.5, 1361, -151.5, 1361, -151.5, -151.5, -151.5, -151.5, -151.5, -151.5, -151.5, -151.5, -151.5, -151.5, 573.5000000000185, -151.5, -151.5, -151.5, -151.5, -151.5, 860.9999999999592, 286.00000000002245, -151.5, -151.5, 285.999999999967, -151.5, -151.5, 798.4999999999937, 411.0000000000087, -151.5, 1361]
Daily Returns: [-151.5, 236.00000000002797, 0, -303.0, 0, 0, 0, 0, 0, 0, 0, 0, 0, 0, 0, 0, 0, 0, 0, 0, 0, 0, 0, 0, 0, 0, 0, 0, 0, 109.50000000002524, -151.5, 0, 0, 0, 0, 0, 0, -151.5, 0, 0, 0, 0, 0, 0, 0, 0, 0, 0, -151.5, 0, 0, 0, 0, 0, -151.5, -151.5, 0, 1361, 0, -151.5, 0]
Sharpe Ratio: 0.03
Annualized Sharpe: 0.469
Sharpe 95% CI: (np.float64(-6.407), np.float64(3.097))
Daily Win Rate (%): 27.27
Max Drawdown: -951.0
Profit Factor: 1.252
Expectancy: 5.623
Trades Per Month (Global): 7.416666666666667
Total Days: 61

Rolling 0 - Variant 4 - 10_11 - Test Metrics
Trade Returns: [-151.5, 236.00000000002797, -151.5, -151.5, 261.00000000002524, -151.5, -151.5, -151.5, -151.5, -151.5, -151.5, 1361, -151.5, -151.5, -151.5, -151.5, -151.5, -151.5, -151.5, -151.5, -151.5, -151.5, -151.5, -151.5, 1361, -151.5, -151.5, -151.5, -151.5, 1361, -151.5, -151.5, -151.5, -151.5, -151.5, -151.5, -151.5, 161.00000000003624, -151.5, -151.5, 1361, 1361, -151.5, 1361, 1361, -151.5, -151.5, 1361, -151.5, 1361, -151.5, -151.5, -151.5, -151.5, 1361, -151.5, -151.5, -151.5, -151.5, 1361, -151.5, 1361, -151.5, -151.5, -151.5, -151.5, -151.5, -151.5, -151.5, -151.5, -151.5, -151.5, 573.5000000000185, -151.5, -151.5, -151.5, -151.5, -151.5, 860.9999999999592, 286.00000000002245, -151.5, -151.5, 285.999999999967, -151.5, -151.5, 798.4999999999937, 411.0000000000087, -151.5, 1361]
Daily Returns: [0, -151.5, 0, 0, 0, -151.5, 0, 0, 0, 0, -151.5, -151.5, 0, 0, 0, 0, 0, 0, 0, 0, 0, 0, -151.5, 0, 0, 0, 0, 0, -151.5, -151.5, 0, 0, 0, 0, 0, -151.5, 0, 0, 0, 0, -151.5, 0, 0, 0, 0, 0, 0, -151.5, 0, 0, 0, 0, 0, 0, -151.5, 0, 0, 0, 0, 0, 1209.5, 0, 0, 0, 0, 0, 0, 0, 0, 0, 0, 0, 0, -454.5, 0, 0, 0, 1209.5, 0, 0, -151.5, 0, 0, 0, 0, 0, -151.5, 0, -303.0, -151.5, 9.500000000036238, 0, 0, 0, 0, 0, 0, 0, 0, 0, -151.5, 0, -151.5, 1361, 0, 0, 0, 1361, -151.5, 0, 0, 0, 0, 0, 0, 0, 0, 0, 0, 0, 1361, 0, 0, 0, 0, 0, 1209.5, 0, 0, 0, 0, -151.5, 0, 0, 0, 0, 0, 0, 1361, 0, 0, 0, -151.5, 0, 0, 0, 1361, 0, 0, 0, -151.5, 0, -151.5, 0, 0, 0, 0, 0, 0, 0, -303.0, 1058.0, 0, 0, 0, 0, 0, -151.5, 0, 0, -151.5, 0, 1209.5, 0, 0, 0, 0, 0, 0, 0, 0, 0, 0, 0, 1209.5, 0, 0, 0, 0, 0, 0, 0, 0, 0, 0, 0, -151.5, 0, 0, 0, 0, 0, 0, -151.5, 0, 0, 0, 0, -151.5, 0, 0, 0, 0, 0, 0, -151.5, 0, -151.5, -151.5, 0, 0, -151.5, 0, 0, -151.5, 0, -151.5, 0, 0, 0, 573.5000000000185, 0, 0, -151.5, 0, 0, -151.5, 0, 0, 0, 0, -151.5, -151.5, -151.5, 1146.9999999999816, 0, 0, 0, 0, 0, 0, 0, -151.5, 0, 0, 0, 0, -151.5, 0, 0, 134.49999999996697, 0, 0, 0, -151.5, 0, 0, 0, 0, 0, 798.4999999999937, 0, 0, 0, 0, 0, 0, 0, 0, 0, 0, 411.0000000000087, -151.5, 1361, 0, 0, 0, 0, 0, 0]
Sharpe Ratio: 0.136
Annualized Sharpe: 2.152
Sharpe 95% CI: (np.float64(0.559), np.float64(3.341))
Daily Win Rate (%): 29.03
Max Drawdown: -1666.5
Profit Factor: 2.523
Expectancy: 38.184
Trades Per Month (Global): 7.416666666666667
Total Days: 290



Rolling 1 - Variant 0 - 10_3 - Fit Metrics
Trade Returns: [-151.5, 361, -151.5, -151.5, 261.00000000002524, -151.5, 361, -151.5, -151.5, -151.5, 361, 361, -151.5, -151.5, -151.5, 361, -151.5, -151.5, 361, -151.5, -151.5, -151.5, -151.5, 361, 361, -151.5, -151.5, -151.5, -151.5, 361, -151.5, -151.5, -151.5, -151.5, -151.5, -151.5, 361, 361, 361, -151.5, 361, 361, -151.5, 361, 361, -151.5, -151.5, 361, -151.5, 361, 361, 361, -151.5, -151.5, 361, -151.5, -151.5, -151.5, 361, 361, -151.5, 361, 361, -151.5, -151.5, -151.5, -151.5, -151.5, -151.5, -151.5, -151.5, -151.5, 361, -151.5, -151.5, -151.5, -151.5, -151.5, 361, 361, -151.5, -151.5, 361, -151.5, 361, 361, 361, -151.5, 361]
Daily Returns: [-151.5, 361, 0, -303.0, 0, 0, 0, 0, 0, 0, 0, 0, 0, 0, 0, 0, 0, 0, 0, 0, 0, 0, 0, 0, 0, 0, 0, 0, 0, 109.50000000002524, 361, 0, 0, 0, 0, 0, 0, -151.5, 0, 0, 0, 0, 0, 0, 0, 0, 0, 0, -151.5, 0, 0, 0, 0, 0, -151.5, 361, 0, 361, 0, -151.5, 0, 0, -151.5, 0, 0, 0, -151.5, 0, 0, 0, 0, 361, -151.5, 0, 0, 0, 0, 0, 0, 0, 0, 0, 0, -151.5, 0, 0, 0, 0, 0, 361, -151.5, 0, 0, 0, 0, 0, -151.5, 0, 0, 0, 0, -151.5, 0, 0, 0, 0, 0, 0, -151.5, 0, 0, 0, 0, 0, 0, 361, 0, 0, 0]
Sharpe Ratio: 0.029
Annualized Sharpe: 0.46
Sharpe 95% CI: (np.float64(-2.619), np.float64(3.063))
Daily Win Rate (%): 36.36
Max Drawdown: -641.5
Profit Factor: 1.16
Expectancy: 3.059
Trades Per Month (Global): 7.416666666666667
Total Days: 119

Rolling 1 - Variant 0 - 10_3 - Test Metrics
Trade Returns: [-151.5, 361, -151.5, -151.5, 261.00000000002524, -151.5, 361, -151.5, -151.5, -151.5, 361, 361, -151.5, -151.5, -151.5, 361, -151.5, -151.5, 361, -151.5, -151.5, -151.5, -151.5, 361, 361, -151.5, -151.5, -151.5, -151.5, 361, -151.5, -151.5, -151.5, -151.5, -151.5, -151.5, 361, 361, 361, -151.5, 361, 361, -151.5, 361, 361, -151.5, -151.5, 361, -151.5, 361, 361, 361, -151.5, -151.5, 361, -151.5, -151.5, -151.5, 361, 361, -151.5, 361, 361, -151.5, -151.5, -151.5, -151.5, -151.5, -151.5, -151.5, -151.5, -151.5, 361, -151.5, -151.5, -151.5, -151.5, -151.5, 361, 361, -151.5, -151.5, 361, -151.5, 361, 361, 361, -151.5, 361]
Daily Returns: [0, 0, 209.5, 0, 0, 0, 0, 0, 0, 0, 0, 0, 0, 0, 0, -454.5, 0, 0, 0, 209.5, 0, 0, -151.5, 0, 0, 0, 0, 0, -151.5, 0, -303.0, -151.5, 722, 0, 0, 0, 0, 0, 0, 0, 0, 0, 361, 0, -151.5, 361, 0, 0, 0, 361, -151.5, 0, 0, 0, 0, 0, 0, 0, 0, 0, 0, 0, 361, 0, 0, 0, 0, 0, 209.5, 0, 0, 0, 0, -151.5, 0, 0, 0, 0, 0, 0, 361, 0, 0, 0, -151.5, 0, 0, 0, 361, 0, 0, 0, 361, 0, 361, 0, 0, 0, 0, 0, 0, 0, -303.0, 58.0, 0, 0, 0, 0, 0, -151.5, 0, 0, 361, 0, 209.5, 0, 0, 0, 0, 0, 0, 0, 0, 0, 0, 0, 722, 0, 0, 0, 0, 0, 0, 0, 0, 0, 0, 0, -151.5, 0, 0, 0, 0, 0, 0, -151.5, 0, 0, 0, 0, -151.5, 0, 0, 0, 0, 0, 0, -151.5, 0, -151.5, -151.5, 0, 0, -151.5, 0, 0, -151.5, 0, -151.5, 0, 0, 0, 361, 0, 0, -151.5, 0, 0, -151.5, 0, 0, 0, 0, -151.5, -151.5, -151.5, 722, 0, 0, 0, 0, 0, 0, 0, -151.5, 0, 0, 0, 0, -151.5, 0, 0, 209.5, 0, 0, 0, 361, 0, 0, 0, 0, 0, 361, 0, 0, 0, 0, 0, 0, 0, 0, 0, 0, 361, -151.5, 361, 0, 0, 0, 0, 0, 0]
Sharpe Ratio: 0.107
Annualized Sharpe: 1.7
Sharpe 95% CI: (np.float64(-0.355), np.float64(3.351))
Daily Win Rate (%): 45.1
Max Drawdown: -1760.0
Profit Factor: 1.717
Expectancy: 14.989
Trades Per Month (Global): 7.416666666666667
Total Days: 232



Rolling 1 - Variant 1 - 10_2 - Fit Metrics
Trade Returns: [236, 236, -151.5, -151.5, 236, -151.5, 236, -151.5, -151.5, -151.5, 236, 236, -151.5, -151.5, 236, 236, -151.5, -151.5, 236, -151.5, -151.5, -151.5, -151.5, 236, 236, -151.5, -151.5, -151.5, -151.5, 236, -151.5, -151.5, -151.5, -151.5, 236, -151.5, 236, 236, 236, -151.5, 236, 236, -151.5, 236, 236, -151.5, 236, 236, -151.5, 236, 236, 236, 236, -151.5, 236, -151.5, -151.5, -151.5, 236, 236, -151.5, 236, 236, -151.5, -151.5, -151.5, -151.5, -151.5, -151.5, -151.5, -151.5, -151.5, 236, -151.5, -151.5, -151.5, -151.5, -151.5, 236, 236, -151.5, -151.5, 236, -151.5, 236, 236, 236, -151.5, 236]
Daily Returns: [236, 236, 0, -303.0, 0, 0, 0, 0, 0, 0, 0, 0, 0, 0, 0, 0, 0, 0, 0, 0, 0, 0, 0, 0, 0, 0, 0, 0, 0, 84.5, 236, 0, 0, 0, 0, 0, 0, -151.5, 0, 0, 0, 0, 0, 0, 0, 0, 0, 0, -151.5, 0, 0, 0, 0, 0, -151.5, 236, 0, 236, 0, -151.5, 0, 0, -151.5, 0, 0, 0, 236, 0, 0, 0, 0, 236, -151.5, 0, 0, 0, 0, 0, 0, 0, 0, 0, 0, -151.5, 0, 0, 0, 0, 0, 236, -151.5, 0, 0, 0, 0, 0, -151.5, 0, 0, 0, 0, -151.5, 0, 0, 0, 0, 0, 0, -151.5, 0, 0, 0, 0, 0, 0, 236, 0, 0, 0]
Sharpe Ratio: 0.024
Annualized Sharpe: 0.375
Sharpe 95% CI: (np.float64(-2.566), np.float64(3.115))
Daily Win Rate (%): 45.45
Max Drawdown: -673.0
Profit Factor: 1.121
Expectancy: 2.008
Trades Per Month (Global): 7.416666666666667
Total Days: 119

Rolling 1 - Variant 1 - 10_2 - Test Metrics
Trade Returns: [236, 236, -151.5, -151.5, 236, -151.5, 236, -151.5, -151.5, -151.5, 236, 236, -151.5, -151.5, 236, 236, -151.5, -151.5, 236, -151.5, -151.5, -151.5, -151.5, 236, 236, -151.5, -151.5, -151.5, -151.5, 236, -151.5, -151.5, -151.5, -151.5, 236, -151.5, 236, 236, 236, -151.5, 236, 236, -151.5, 236, 236, -151.5, 236, 236, -151.5, 236, 236, 236, 236, -151.5, 236, -151.5, -151.5, -151.5, 236, 236, -151.5, 236, 236, -151.5, -151.5, -151.5, -151.5, -151.5, -151.5, -151.5, -151.5, -151.5, 236, -151.5, -151.5, -151.5, -151.5, -151.5, 236, 236, -151.5, -151.5, 236, -151.5, 236, 236, 236, -151.5, 236]
Daily Returns: [0, 0, 84.5, 0, 0, 0, 0, 0, 0, 0, 0, 0, 0, 0, 0, -454.5, 0, 0, 0, 84.5, 0, 0, -151.5, 0, 0, 0, 0, 0, -151.5, 0, 84.5, -151.5, 472, 0, 0, 0, 0, 0, 0, 0, 0, 0, 236, 0, -151.5, 236, 0, 0, 0, 236, -151.5, 0, 0, 0, 0, 0, 0, 0, 0, 0, 0, 0, 236, 0, 0, 0, 0, 0, 84.5, 0, 0, 0, 0, 236, 0, 0, 0, 0, 0, 0, 236, 0, 0, 0, -151.5, 0, 0, 0, 236, 0, 0, 0, 236, 0, 236, 0, 0, 0, 0, 0, 0, 0, 84.5, -67.0, 0, 0, 0, 0, 0, -151.5, 0, 0, 236, 0, 84.5, 0, 0, 0, 0, 0, 0, 0, 0, 0, 0, 0, 472, 0, 0, 0, 0, 0, 0, 0, 0, 0, 0, 0, -151.5, 0, 0, 0, 0, 0, 0, -151.5, 0, 0, 0, 0, -151.5, 0, 0, 0, 0, 0, 0, -151.5, 0, -151.5, -151.5, 0, 0, -151.5, 0, 0, -151.5, 0, -151.5, 0, 0, 0, 236, 0, 0, -151.5, 0, 0, -151.5, 0, 0, 0, 0, -151.5, -151.5, -151.5, 472, 0, 0, 0, 0, 0, 0, 0, -151.5, 0, 0, 0, 0, -151.5, 0, 0, 84.5, 0, 0, 0, 236, 0, 0, 0, 0, 0, 236, 0, 0, 0, 0, 0, 0, 0, 0, 0, 0, 236, -151.5, 236, 0, 0, 0, 0, 0, 0]
Sharpe Ratio: 0.06
Annualized Sharpe: 0.952
Sharpe 95% CI: (np.float64(-1.205), np.float64(2.783))
Daily Win Rate (%): 49.02
Max Drawdown: -1885.0
Profit Factor: 1.334
Expectancy: 5.991
Trades Per Month (Global): 7.416666666666667
Total Days: 232



Rolling 1 - Variant 2 - 10_5 - Fit Metrics
Trade Returns: [-151.5, 236.00000000002797, -151.5, -151.5, 261.00000000002524, -151.5, 611, -151.5, -151.5, -151.5, -151.5, 611, -151.5, -151.5, -151.5, -151.5, -151.5, -151.5, 611, -151.5, -151.5, -151.5, -151.5, -151.5, 611, -151.5, -151.5, -151.5, -151.5, 611, -151.5, -151.5, -151.5, -151.5, -151.5, -151.5, 611, 161.00000000003624, 611, -151.5, 611, 611, -151.5, 611, 611, -151.5, -151.5, 611, -151.5, 611, 611, 611, -151.5, -151.5, 611, -151.5, -151.5, -151.5, 611, 611, -151.5, 611, -151.5, -151.5, -151.5, -151.5, -151.5, -151.5, -151.5, -151.5, -151.5, -151.5, 611, -151.5, -151.5, -151.5, -151.5, -151.5, 611, 286.00000000002245, -151.5, -151.5, 611, -151.5, 611, 611, 611, -151.5, 611]
Daily Returns: [-151.5, 236.00000000002797, 0, -303.0, 0, 0, 0, 0, 0, 0, 0, 0, 0, 0, 0, 0, 0, 0, 0, 0, 0, 0, 0, 0, 0, 0, 0, 0, 0, 109.50000000002524, 611, 0, 0, 0, 0, 0, 0, -151.5, 0, 0, 0, 0, 0, 0, 0, 0, 0, 0, -151.5, 0, 0, 0, 0, 0, -151.5, -151.5, 0, 611, 0, -151.5, 0, 0, -151.5, 0, 0, 0, -151.5, 0, 0, 0, 0, -151.5, -151.5, 0, 0, 0, 0, 0, 0, 0, 0, 0, 0, -151.5, 0, 0, 0, 0, 0, 611, -151.5, 0, 0, 0, 0, 0, -151.5, 0, 0, 0, 0, -151.5, 0, 0, 0, 0, 0, 0, -151.5, 0, 0, 0, 0, 0, 0, -151.5, 0, 0, 0]
Sharpe Ratio: -0.039
Annualized Sharpe: -0.62
Sharpe 95% CI: (np.float64(-5.159), np.float64(1.869))
Daily Win Rate (%): 22.73
Max Drawdown: -1055.5
Profit Factor: 0.799
Expectancy: -4.609
Trades Per Month (Global): 7.416666666666667
Total Days: 119

Rolling 1 - Variant 2 - 10_5 - Test Metrics
Trade Returns: [-151.5, 236.00000000002797, -151.5, -151.5, 261.00000000002524, -151.5, 611, -151.5, -151.5, -151.5, -151.5, 611, -151.5, -151.5, -151.5, -151.5, -151.5, -151.5, 611, -151.5, -151.5, -151.5, -151.5, -151.5, 611, -151.5, -151.5, -151.5, -151.5, 611, -151.5, -151.5, -151.5, -151.5, -151.5, -151.5, 611, 161.00000000003624, 611, -151.5, 611, 611, -151.5, 611, 611, -151.5, -151.5, 611, -151.5, 611, 611, 611, -151.5, -151.5, 611, -151.5, -151.5, -151.5, 611, 611, -151.5, 611, -151.5, -151.5, -151.5, -151.5, -151.5, -151.5, -151.5, -151.5, -151.5, -151.5, 611, -151.5, -151.5, -151.5, -151.5, -151.5, 611, 286.00000000002245, -151.5, -151.5, 611, -151.5, 611, 611, 611, -151.5, 611]
Daily Returns: [0, 0, 459.5, 0, 0, 0, 0, 0, 0, 0, 0, 0, 0, 0, 0, -454.5, 0, 0, 0, 459.5, 0, 0, -151.5, 0, 0, 0, 0, 0, -151.5, 0, -303.0, -151.5, 772.0000000000363, 0, 0, 0, 0, 0, 0, 0, 0, 0, 611, 0, -151.5, 611, 0, 0, 0, 611, -151.5, 0, 0, 0, 0, 0, 0, 0, 0, 0, 0, 0, 611, 0, 0, 0, 0, 0, 459.5, 0, 0, 0, 0, -151.5, 0, 0, 0, 0, 0, 0, 611, 0, 0, 0, -151.5, 0, 0, 0, 611, 0, 0, 0, 611, 0, 611, 0, 0, 0, 0, 0, 0, 0, -303.0, 308.0, 0, 0, 0, 0, 0, -151.5, 0, 0, 611, 0, 459.5, 0, 0, 0, 0, 0, 0, 0, 0, 0, 0, 0, 459.5, 0, 0, 0, 0, 0, 0, 0, 0, 0, 0, 0, -151.5, 0, 0, 0, 0, 0, 0, -151.5, 0, 0, 0, 0, -151.5, 0, 0, 0, 0, 0, 0, -151.5, 0, -151.5, -151.5, 0, 0, -151.5, 0, 0, -151.5, 0, -151.5, 0, 0, 0, 611, 0, 0, -151.5, 0, 0, -151.5, 0, 0, 0, 0, -151.5, -151.5, -151.5, 897.0000000000225, 0, 0, 0, 0, 0, 0, 0, -151.5, 0, 0, 0, 0, -151.5, 0, 0, 459.5, 0, 0, 0, 611, 0, 0, 0, 0, 0, 611, 0, 0, 0, 0, 0, 0, 0, 0, 0, 0, 611, -151.5, 611, 0, 0, 0, 0, 0, 0]
Sharpe Ratio: 0.188
Annualized Sharpe: 2.985
Sharpe 95% CI: (np.float64(1.119), np.float64(4.486))
Daily Win Rate (%): 45.1
Max Drawdown: -1510.0
Profit Factor: 2.741
Expectancy: 36.379
Trades Per Month (Global): 7.416666666666667
Total Days: 232



Rolling 1 - Variant 3 - 20_5 - Fit Metrics
Trade Returns: [-144.5, 118.00000000001398, -144.5, 618, 130.50000000001262, -82.0000000000195, -69.50000000002088, -144.5, -144.5, -144.5, -144.5, 618, -144.5, -144.5, -144.5, -144.5, -144.5, -144.5, 618, -144.5, -144.5, -144.5, -144.5, -144.5, 618, -144.5, -144.5, -144.5, -144.5, 618, -144.5, -144.5, -144.5, -144.5, -144.5, 618, -144.5, 80.50000000001812, 261.75000000001205, -144.5, 618, 618, -144.5, 618, 618, -144.5, -144.5, 618, -144.5, 618, 618, -144.5, -144.5, -144.5, 618, -144.5, -144.5, -144.5, -144.5, 618, -144.5, 618, -144.5, -144.5, -144.5, -144.5, -144.5, -144.5, -144.5, -144.5, -144.5, -144.5, 286.75000000000927, -144.5, -144.5, -7.0, -144.5, -144.5, 430.4999999999796, 143.00000000001123, -144.5, -144.5, 142.9999999999835, -144.5, -144.5, 399.2499999999969, 205.50000000000435, -144.5, 618]
Daily Returns: [-144.5, 118.00000000001398, 0, 473.5, 0, 0, 0, 0, 0, 0, 0, 0, 0, 0, 0, 0, 0, 0, 0, 0, 0, 0, 0, 0, 0, 0, 0, 0, 0, 48.49999999999312, -69.50000000002088, 0, 0, 0, 0, 0, 0, -144.5, 0, 0, 0, 0, 0, 0, 0, 0, 0, 0, -144.5, 0, 0, 0, 0, 0, -144.5, -144.5, 0, 618, 0, -144.5, 0, 0, -144.5, 0, 0, 0, -144.5, 0, 0, 0, 0, -144.5, -144.5, 0, 0, 0, 0, 0, 0, 0, 0, 0, 0, -144.5, 0, 0, 0, 0, 0, 618, -144.5, 0, 0, 0, 0, 0, -144.5, 0, 0, 0, 0, -144.5, 0, 0, 0, 0, 0, 0, -144.5, 0, 0, 0, 0, 0, 0, -144.5, 0, 0, 0]
Sharpe Ratio: -0.04
Annualized Sharpe: -0.633
Sharpe 95% CI: (np.float64(-5.888), np.float64(1.847))
Daily Win Rate (%): 22.73
Max Drawdown: -1001.0
Profit Factor: 0.788
Expectancy: -4.248
Trades Per Month (Global): 7.416666666666667
Total Days: 119

Rolling 1 - Variant 3 - 20_5 - Test Metrics
Trade Returns: [-144.5, 118.00000000001398, -144.5, 618, 130.50000000001262, -82.0000000000195, -69.50000000002088, -144.5, -144.5, -144.5, -144.5, 618, -144.5, -144.5, -144.5, -144.5, -144.5, -144.5, 618, -144.5, -144.5, -144.5, -144.5, -144.5, 618, -144.5, -144.5, -144.5, -144.5, 618, -144.5, -144.5, -144.5, -144.5, -144.5, 618, -144.5, 80.50000000001812, 261.75000000001205, -144.5, 618, 618, -144.5, 618, 618, -144.5, -144.5, 618, -144.5, 618, 618, -144.5, -144.5, -144.5, 618, -144.5, -144.5, -144.5, -144.5, 618, -144.5, 618, -144.5, -144.5, -144.5, -144.5, -144.5, -144.5, -144.5, -144.5, -144.5, -144.5, 286.75000000000927, -144.5, -144.5, -7.0, -144.5, -144.5, 430.4999999999796, 143.00000000001123, -144.5, -144.5, 142.9999999999835, -144.5, -144.5, 399.2499999999969, 205.50000000000435, -144.5, 618]
Daily Returns: [0, 0, 473.5, 0, 0, 0, 0, 0, 0, 0, 0, 0, 0, 0, 0, -433.5, 0, 0, 0, 473.5, 0, 0, -144.5, 0, 0, 0, 0, 0, -144.5, 0, -289.0, 618, -63.99999999998188, 0, 0, 0, 0, 0, 0, 0, 0, 0, 261.75000000001205, 0, -144.5, 618, 0, 0, 0, 618, -144.5, 0, 0, 0, 0, 0, 0, 0, 0, 0, 0, 0, 618, 0, 0, 0, 0, 0, 473.5, 0, 0, 0, 0, -144.5, 0, 0, 0, 0, 0, 0, 618, 0, 0, 0, -144.5, 0, 0, 0, 618, 0, 0, 0, 618, 0, -144.5, 0, 0, 0, 0, 0, 0, 0, -289.0, 329.0, 0, 0, 0, 0, 0, -144.5, 0, 0, -144.5, 0, 473.5, 0, 0, 0, 0, 0, 0, 0, 0, 0, 0, 0, 473.5, 0, 0, 0, 0, 0, 0, 0, 0, 0, 0, 0, -144.5, 0, 0, 0, 0, 0, 0, -144.5, 0, 0, 0, 0, -144.5, 0, 0, 0, 0, 0, 0, -144.5, 0, -144.5, -144.5, 0, 0, -144.5, 0, 0, -144.5, 0, -144.5, 0, 0, 0, 286.75000000000927, 0, 0, -144.5, 0, 0, -144.5, 0, 0, 0, 0, -7.0, -144.5, -144.5, 573.4999999999908, 0, 0, 0, 0, 0, 0, 0, -144.5, 0, 0, 0, 0, -144.5, 0, 0, -1.500000000016513, 0, 0, 0, -144.5, 0, 0, 0, 0, 0, 399.2499999999969, 0, 0, 0, 0, 0, 0, 0, 0, 0, 0, 205.50000000000435, -144.5, 618, 0, 0, 0, 0, 0, 0]
Sharpe Ratio: 0.123
Annualized Sharpe: 1.958
Sharpe 95% CI: (np.float64(-0.024), np.float64(3.581))
Daily Win Rate (%): 37.25
Max Drawdown: -1598.75
Profit Factor: 1.935
Expectancy: 19.51
Trades Per Month (Global): 7.416666666666667
Total Days: 232



Rolling 1 - Variant 4 - 10_7 - Fit Metrics
Trade Returns: [-151.5, 236.00000000002797, -151.5, -151.5, 261.00000000002524, -151.5, -151.5, -151.5, -151.5, -151.5, -151.5, 861, -151.5, -151.5, -151.5, -151.5, -151.5, -151.5, 861, -151.5, -151.5, -151.5, -151.5, -151.5, 861, -151.5, -151.5, -151.5, -151.5, 861, -151.5, -151.5, -151.5, -151.5, -151.5, -151.5, 861, 161.00000000003624, -151.5, -151.5, 861, 861, -151.5, 861, 861, -151.5, -151.5, 861, -151.5, 861, 861, -151.5, -151.5, -151.5, 861, -151.5, -151.5, -151.5, -151.5, 861, -151.5, 861, -151.5, -151.5, -151.5, -151.5, -151.5, -151.5, -151.5, -151.5, -151.5, -151.5, 573.5000000000185, -151.5, -151.5, -151.5, -151.5, -151.5, 861, 286.00000000002245, -151.5, -151.5, 861, -151.5, -151.5, 861, 861, -151.5, 861]
Daily Returns: [-151.5, 236.00000000002797, 0, -303.0, 0, 0, 0, 0, 0, 0, 0, 0, 0, 0, 0, 0, 0, 0, 0, 0, 0, 0, 0, 0, 0, 0, 0, 0, 0, 109.50000000002524, -151.5, 0, 0, 0, 0, 0, 0, -151.5, 0, 0, 0, 0, 0, 0, 0, 0, 0, 0, -151.5, 0, 0, 0, 0, 0, -151.5, -151.5, 0, 861, 0, -151.5, 0, 0, -151.5, 0, 0, 0, -151.5, 0, 0, 0, 0, -151.5, -151.5, 0, 0, 0, 0, 0, 0, 0, 0, 0, 0, -151.5, 0, 0, 0, 0, 0, 861, -151.5, 0, 0, 0, 0, 0, -151.5, 0, 0, 0, 0, -151.5, 0, 0, 0, 0, 0, 0, -151.5, 0, 0, 0, 0, 0, 0, -151.5, 0, 0, 0]
Sharpe Ratio: -0.052
Annualized Sharpe: -0.825
Sharpe 95% CI: (np.float64(-6.469), np.float64(1.67))
Daily Win Rate (%): 18.18
Max Drawdown: -999.0
Profit Factor: 0.718
Expectancy: -6.815
Trades Per Month (Global): 7.416666666666667
Total Days: 119

Rolling 1 - Variant 4 - 10_7 - Test Metrics
Trade Returns: [-151.5, 236.00000000002797, -151.5, -151.5, 261.00000000002524, -151.5, -151.5, -151.5, -151.5, -151.5, -151.5, 861, -151.5, -151.5, -151.5, -151.5, -151.5, -151.5, 861, -151.5, -151.5, -151.5, -151.5, -151.5, 861, -151.5, -151.5, -151.5, -151.5, 861, -151.5, -151.5, -151.5, -151.5, -151.5, -151.5, 861, 161.00000000003624, -151.5, -151.5, 861, 861, -151.5, 861, 861, -151.5, -151.5, 861, -151.5, 861, 861, -151.5, -151.5, -151.5, 861, -151.5, -151.5, -151.5, -151.5, 861, -151.5, 861, -151.5, -151.5, -151.5, -151.5, -151.5, -151.5, -151.5, -151.5, -151.5, -151.5, 573.5000000000185, -151.5, -151.5, -151.5, -151.5, -151.5, 861, 286.00000000002245, -151.5, -151.5, 861, -151.5, -151.5, 861, 861, -151.5, 861]
Daily Returns: [0, 0, 709.5, 0, 0, 0, 0, 0, 0, 0, 0, 0, 0, 0, 0, -454.5, 0, 0, 0, 709.5, 0, 0, -151.5, 0, 0, 0, 0, 0, -151.5, 0, -303.0, -151.5, 1022.0000000000363, 0, 0, 0, 0, 0, 0, 0, 0, 0, -151.5, 0, -151.5, 861, 0, 0, 0, 861, -151.5, 0, 0, 0, 0, 0, 0, 0, 0, 0, 0, 0, 861, 0, 0, 0, 0, 0, 709.5, 0, 0, 0, 0, -151.5, 0, 0, 0, 0, 0, 0, 861, 0, 0, 0, -151.5, 0, 0, 0, 861, 0, 0, 0, 861, 0, -151.5, 0, 0, 0, 0, 0, 0, 0, -303.0, 558.0, 0, 0, 0, 0, 0, -151.5, 0, 0, -151.5, 0, 709.5, 0, 0, 0, 0, 0, 0, 0, 0, 0, 0, 0, 709.5, 0, 0, 0, 0, 0, 0, 0, 0, 0, 0, 0, -151.5, 0, 0, 0, 0, 0, 0, -151.5, 0, 0, 0, 0, -151.5, 0, 0, 0, 0, 0, 0, -151.5, 0, -151.5, -151.5, 0, 0, -151.5, 0, 0, -151.5, 0, -151.5, 0, 0, 0, 573.5000000000185, 0, 0, -151.5, 0, 0, -151.5, 0, 0, 0, 0, -151.5, -151.5, -151.5, 1147.0000000000225, 0, 0, 0, 0, 0, 0, 0, -151.5, 0, 0, 0, 0, -151.5, 0, 0, 709.5, 0, 0, 0, -151.5, 0, 0, 0, 0, 0, 861, 0, 0, 0, 0, 0, 0, 0, 0, 0, 0, 861, -151.5, 861, 0, 0, 0, 0, 0, 0]
Sharpe Ratio: 0.177
Annualized Sharpe: 2.806
Sharpe 95% CI: (np.float64(1.048), np.float64(4.234))
Daily Win Rate (%): 37.25
Max Drawdown: -1547.5
Profit Factor: 2.806
Expectancy: 42.468
Trades Per Month (Global): 7.416666666666667
Total Days: 232



Rolling 2 - Variant 0 - 10_5 - Fit Metrics
Trade Returns: [-151.5, 236.00000000002797, -151.5, -151.5, 261.00000000002524, -151.5, 611, -151.5, -151.5, -151.5, -151.5, 611, -151.5, -151.5, -151.5, -151.5, -151.5, -151.5, 611, -151.5, -151.5, -151.5, -151.5, -151.5, 611, -151.5, -151.5, -151.5, -151.5, 611, -151.5, -151.5, -151.5, -151.5, -151.5, -151.5, 611, 161.00000000003624, 611, -151.5, 611, 611, -151.5, 611, 611, -151.5, -151.5, 611, -151.5, 611, 611, 611, -151.5, -151.5, 611, -151.5, -151.5, -151.5, 611, 611, -151.5, 611, -151.5, -151.5, -151.5, -151.5, -151.5, -151.5, -151.5, -151.5, -151.5, -151.5, 611, -151.5, -151.5, -151.5, -151.5, -151.5, 611, 286.00000000002245, -151.5, -151.5, 611, -151.5, 611, 611, 611, -151.5, 611]
Daily Returns: [-151.5, 236.00000000002797, 0, -303.0, 0, 0, 0, 0, 0, 0, 0, 0, 0, 0, 0, 0, 0, 0, 0, 0, 0, 0, 0, 0, 0, 0, 0, 0, 0, 109.50000000002524, 611, 0, 0, 0, 0, 0, 0, -151.5, 0, 0, 0, 0, 0, 0, 0, 0, 0, 0, -151.5, 0, 0, 0, 0, 0, -151.5, -151.5, 0, 611, 0, -151.5, 0, 0, -151.5, 0, 0, 0, -151.5, 0, 0, 0, 0, -151.5, -151.5, 0, 0, 0, 0, 0, 0, 0, 0, 0, 0, -151.5, 0, 0, 0, 0, 0, 611, -151.5, 0, 0, 0, 0, 0, -151.5, 0, 0, 0, 0, -151.5, 0, 0, 0, 0, 0, 0, -151.5, 0, 0, 0, 0, 0, 0, -151.5, 0, 0, 0, 0, 0, 459.5, 0, 0, 0, 0, 0, 0, 0, 0, 0, 0, 0, 0, -454.5, 0, 0, 0, 459.5, 0, 0, -151.5, 0, 0, 0, 0, 0, -151.5, 0, -303.0, -151.5, 772.0000000000363, 0, 0, 0, 0, 0, 0, 0, 0, 0, 611, 0, -151.5, 611, 0, 0, 0, 611, -151.5, 0, 0, 0, 0, 0, 0, 0]
Sharpe Ratio: 0.054
Annualized Sharpe: 0.849
Sharpe 95% CI: (np.float64(-1.71), np.float64(2.823))
Daily Win Rate (%): 31.43
Max Drawdown: -1348.5
Profit Factor: 1.344
Expectancy: 8.251
Trades Per Month (Global): 7.416666666666667
Total Days: 177

Rolling 2 - Variant 0 - 10_5 - Test Metrics
Trade Returns: [-151.5, 236.00000000002797, -151.5, -151.5, 261.00000000002524, -151.5, 611, -151.5, -151.5, -151.5, -151.5, 611, -151.5, -151.5, -151.5, -151.5, -151.5, -151.5, 611, -151.5, -151.5, -151.5, -151.5, -151.5, 611, -151.5, -151.5, -151.5, -151.5, 611, -151.5, -151.5, -151.5, -151.5, -151.5, -151.5, 611, 161.00000000003624, 611, -151.5, 611, 611, -151.5, 611, 611, -151.5, -151.5, 611, -151.5, 611, 611, 611, -151.5, -151.5, 611, -151.5, -151.5, -151.5, 611, 611, -151.5, 611, -151.5, -151.5, -151.5, -151.5, -151.5, -151.5, -151.5, -151.5, -151.5, -151.5, 611, -151.5, -151.5, -151.5, -151.5, -151.5, 611, 286.00000000002245, -151.5, -151.5, 611, -151.5, 611, 611, 611, -151.5, 611]
Daily Returns: [0, 0, 0, 0, 611, 0, 0, 0, 0, 0, 459.5, 0, 0, 0, 0, -151.5, 0, 0, 0, 0, 0, 0, 611, 0, 0, 0, -151.5, 0, 0, 0, 611, 0, 0, 0, 611, 0, 611, 0, 0, 0, 0, 0, 0, 0, -303.0, 308.0, 0, 0, 0, 0, 0, -151.5, 0, 0, 611, 0, 459.5, 0, 0, 0, 0, 0, 0, 0, 0, 0, 0, 0, 459.5, 0, 0, 0, 0, 0, 0, 0, 0, 0, 0, 0, -151.5, 0, 0, 0, 0, 0, 0, -151.5, 0, 0, 0, 0, -151.5, 0, 0, 0, 0, 0, 0, -151.5, 0, -151.5, -151.5, 0, 0, -151.5, 0, 0, -151.5, 0, -151.5, 0, 0, 0, 611, 0, 0, -151.5, 0, 0, -151.5, 0, 0, 0, 0, -151.5, -151.5, -151.5, 897.0000000000225, 0, 0, 0, 0, 0, 0, 0, -151.5, 0, 0, 0, 0, -151.5, 0, 0, 459.5, 0, 0, 0, 611, 0, 0, 0, 0, 0, 611, 0, 0, 0, 0, 0, 0, 0, 0, 0, 0, 611, -151.5, 611, 0, 0, 0, 0, 0, 0]
Sharpe Ratio: 0.196
Annualized Sharpe: 3.108
Sharpe 95% CI: (np.float64(1.053), np.float64(4.786))
Daily Win Rate (%): 44.74
Max Drawdown: -1510.0
Profit Factor: 2.929
Expectancy: 36.96
Trades Per Month (Global): 7.416666666666667
Total Days: 174



Rolling 2 - Variant 1 - 10_11 - Fit Metrics
Trade Returns: [-151.5, 236.00000000002797, -151.5, -151.5, 261.00000000002524, -151.5, -151.5, -151.5, -151.5, -151.5, -151.5, 1361, -151.5, -151.5, -151.5, -151.5, -151.5, -151.5, -151.5, -151.5, -151.5, -151.5, -151.5, -151.5, 1361, -151.5, -151.5, -151.5, -151.5, 1361, -151.5, -151.5, -151.5, -151.5, -151.5, -151.5, -151.5, 161.00000000003624, -151.5, -151.5, 1361, 1361, -151.5, 1361, 1361, -151.5, -151.5, 1361, -151.5, 1361, -151.5, -151.5, -151.5, -151.5, 1361, -151.5, -151.5, -151.5, -151.5, 1361, -151.5, 1361, -151.5, -151.5, -151.5, -151.5, -151.5, -151.5, -151.5, -151.5, -151.5, -151.5, 573.5000000000185, -151.5, -151.5, -151.5, -151.5, -151.5, 860.9999999999592, 286.00000000002245, -151.5, -151.5, 285.999999999967, -151.5, -151.5, 798.4999999999937, 411.0000000000087, -151.5, 1361]
Daily Returns: [-151.5, 236.00000000002797, 0, -303.0, 0, 0, 0, 0, 0, 0, 0, 0, 0, 0, 0, 0, 0, 0, 0, 0, 0, 0, 0, 0, 0, 0, 0, 0, 0, 109.50000000002524, -151.5, 0, 0, 0, 0, 0, 0, -151.5, 0, 0, 0, 0, 0, 0, 0, 0, 0, 0, -151.5, 0, 0, 0, 0, 0, -151.5, -151.5, 0, 1361, 0, -151.5, 0, 0, -151.5, 0, 0, 0, -151.5, 0, 0, 0, 0, -151.5, -151.5, 0, 0, 0, 0, 0, 0, 0, 0, 0, 0, -151.5, 0, 0, 0, 0, 0, -151.5, -151.5, 0, 0, 0, 0, 0, -151.5, 0, 0, 0, 0, -151.5, 0, 0, 0, 0, 0, 0, -151.5, 0, 0, 0, 0, 0, 0, -151.5, 0, 0, 0, 0, 0, 1209.5, 0, 0, 0, 0, 0, 0, 0, 0, 0, 0, 0, 0, -454.5, 0, 0, 0, 1209.5, 0, 0, -151.5, 0, 0, 0, 0, 0, -151.5, 0, -303.0, -151.5, 9.500000000036238, 0, 0, 0, 0, 0, 0, 0, 0, 0, -151.5, 0, -151.5, 1361, 0, 0, 0, 1361, -151.5, 0, 0, 0, 0, 0, 0, 0]
Sharpe Ratio: 0.053
Annualized Sharpe: 0.836
Sharpe 95% CI: (np.float64(-2.211), np.float64(2.559))
Daily Win Rate (%): 22.86
Max Drawdown: -1818.0
Profit Factor: 1.46
Expectancy: 12.206
Trades Per Month (Global): 7.416666666666667
Total Days: 177

Rolling 2 - Variant 1 - 10_11 - Test Metrics
Trade Returns: [-151.5, 236.00000000002797, -151.5, -151.5, 261.00000000002524, -151.5, -151.5, -151.5, -151.5, -151.5, -151.5, 1361, -151.5, -151.5, -151.5, -151.5, -151.5, -151.5, -151.5, -151.5, -151.5, -151.5, -151.5, -151.5, 1361, -151.5, -151.5, -151.5, -151.5, 1361, -151.5, -151.5, -151.5, -151.5, -151.5, -151.5, -151.5, 161.00000000003624, -151.5, -151.5, 1361, 1361, -151.5, 1361, 1361, -151.5, -151.5, 1361, -151.5, 1361, -151.5, -151.5, -151.5, -151.5, 1361, -151.5, -151.5, -151.5, -151.5, 1361, -151.5, 1361, -151.5, -151.5, -151.5, -151.5, -151.5, -151.5, -151.5, -151.5, -151.5, -151.5, 573.5000000000185, -151.5, -151.5, -151.5, -151.5, -151.5, 860.9999999999592, 286.00000000002245, -151.5, -151.5, 285.999999999967, -151.5, -151.5, 798.4999999999937, 411.0000000000087, -151.5, 1361]
Daily Returns: [0, 0, 0, 0, 1361, 0, 0, 0, 0, 0, 1209.5, 0, 0, 0, 0, -151.5, 0, 0, 0, 0, 0, 0, 1361, 0, 0, 0, -151.5, 0, 0, 0, 1361, 0, 0, 0, -151.5, 0, -151.5, 0, 0, 0, 0, 0, 0, 0, -303.0, 1058.0, 0, 0, 0, 0, 0, -151.5, 0, 0, -151.5, 0, 1209.5, 0, 0, 0, 0, 0, 0, 0, 0, 0, 0, 0, 1209.5, 0, 0, 0, 0, 0, 0, 0, 0, 0, 0, 0, -151.5, 0, 0, 0, 0, 0, 0, -151.5, 0, 0, 0, 0, -151.5, 0, 0, 0, 0, 0, 0, -151.5, 0, -151.5, -151.5, 0, 0, -151.5, 0, 0, -151.5, 0, -151.5, 0, 0, 0, 573.5000000000185, 0, 0, -151.5, 0, 0, -151.5, 0, 0, 0, 0, -151.5, -151.5, -151.5, 1146.9999999999816, 0, 0, 0, 0, 0, 0, 0, -151.5, 0, 0, 0, 0, -151.5, 0, 0, 134.49999999996697, 0, 0, 0, -151.5, 0, 0, 0, 0, 0, 798.4999999999937, 0, 0, 0, 0, 0, 0, 0, 0, 0, 0, 411.0000000000087, -151.5, 1361, 0, 0, 0, 0, 0, 0]
Sharpe Ratio: 0.178
Annualized Sharpe: 2.818
Sharpe 95% CI: (np.float64(0.858), np.float64(4.292))
Daily Win Rate (%): 34.21
Max Drawdown: -1547.5
Profit Factor: 3.35
Expectancy: 53.195
Trades Per Month (Global): 7.416666666666667
Total Days: 174



Rolling 2 - Variant 2 - 10_7 - Fit Metrics
Trade Returns: [-151.5, 236.00000000002797, -151.5, -151.5, 261.00000000002524, -151.5, -151.5, -151.5, -151.5, -151.5, -151.5, 861, -151.5, -151.5, -151.5, -151.5, -151.5, -151.5, 861, -151.5, -151.5, -151.5, -151.5, -151.5, 861, -151.5, -151.5, -151.5, -151.5, 861, -151.5, -151.5, -151.5, -151.5, -151.5, -151.5, 861, 161.00000000003624, -151.5, -151.5, 861, 861, -151.5, 861, 861, -151.5, -151.5, 861, -151.5, 861, 861, -151.5, -151.5, -151.5, 861, -151.5, -151.5, -151.5, -151.5, 861, -151.5, 861, -151.5, -151.5, -151.5, -151.5, -151.5, -151.5, -151.5, -151.5, -151.5, -151.5, 573.5000000000185, -151.5, -151.5, -151.5, -151.5, -151.5, 861, 286.00000000002245, -151.5, -151.5, 861, -151.5, -151.5, 861, 861, -151.5, 861]
Daily Returns: [-151.5, 236.00000000002797, 0, -303.0, 0, 0, 0, 0, 0, 0, 0, 0, 0, 0, 0, 0, 0, 0, 0, 0, 0, 0, 0, 0, 0, 0, 0, 0, 0, 109.50000000002524, -151.5, 0, 0, 0, 0, 0, 0, -151.5, 0, 0, 0, 0, 0, 0, 0, 0, 0, 0, -151.5, 0, 0, 0, 0, 0, -151.5, -151.5, 0, 861, 0, -151.5, 0, 0, -151.5, 0, 0, 0, -151.5, 0, 0, 0, 0, -151.5, -151.5, 0, 0, 0, 0, 0, 0, 0, 0, 0, 0, -151.5, 0, 0, 0, 0, 0, 861, -151.5, 0, 0, 0, 0, 0, -151.5, 0, 0, 0, 0, -151.5, 0, 0, 0, 0, 0, 0, -151.5, 0, 0, 0, 0, 0, 0, -151.5, 0, 0, 0, 0, 0, 709.5, 0, 0, 0, 0, 0, 0, 0, 0, 0, 0, 0, 0, -454.5, 0, 0, 0, 709.5, 0, 0, -151.5, 0, 0, 0, 0, 0, -151.5, 0, -303.0, -151.5, 1022.0000000000363, 0, 0, 0, 0, 0, 0, 0, 0, 0, -151.5, 0, -151.5, 861, 0, 0, 0, 861, -151.5, 0, 0, 0, 0, 0, 0, 0]
Sharpe Ratio: 0.052
Annualized Sharpe: 0.82
Sharpe 95% CI: (np.float64(-1.802), np.float64(2.666))
Daily Win Rate (%): 25.71
Max Drawdown: -999.0
Profit Factor: 1.371
Expectancy: 9.523
Trades Per Month (Global): 7.416666666666667
Total Days: 177

Rolling 2 - Variant 2 - 10_7 - Test Metrics
Trade Returns: [-151.5, 236.00000000002797, -151.5, -151.5, 261.00000000002524, -151.5, -151.5, -151.5, -151.5, -151.5, -151.5, 861, -151.5, -151.5, -151.5, -151.5, -151.5, -151.5, 861, -151.5, -151.5, -151.5, -151.5, -151.5, 861, -151.5, -151.5, -151.5, -151.5, 861, -151.5, -151.5, -151.5, -151.5, -151.5, -151.5, 861, 161.00000000003624, -151.5, -151.5, 861, 861, -151.5, 861, 861, -151.5, -151.5, 861, -151.5, 861, 861, -151.5, -151.5, -151.5, 861, -151.5, -151.5, -151.5, -151.5, 861, -151.5, 861, -151.5, -151.5, -151.5, -151.5, -151.5, -151.5, -151.5, -151.5, -151.5, -151.5, 573.5000000000185, -151.5, -151.5, -151.5, -151.5, -151.5, 861, 286.00000000002245, -151.5, -151.5, 861, -151.5, -151.5, 861, 861, -151.5, 861]
Daily Returns: [0, 0, 0, 0, 861, 0, 0, 0, 0, 0, 709.5, 0, 0, 0, 0, -151.5, 0, 0, 0, 0, 0, 0, 861, 0, 0, 0, -151.5, 0, 0, 0, 861, 0, 0, 0, 861, 0, -151.5, 0, 0, 0, 0, 0, 0, 0, -303.0, 558.0, 0, 0, 0, 0, 0, -151.5, 0, 0, -151.5, 0, 709.5, 0, 0, 0, 0, 0, 0, 0, 0, 0, 0, 0, 709.5, 0, 0, 0, 0, 0, 0, 0, 0, 0, 0, 0, -151.5, 0, 0, 0, 0, 0, 0, -151.5, 0, 0, 0, 0, -151.5, 0, 0, 0, 0, 0, 0, -151.5, 0, -151.5, -151.5, 0, 0, -151.5, 0, 0, -151.5, 0, -151.5, 0, 0, 0, 573.5000000000185, 0, 0, -151.5, 0, 0, -151.5, 0, 0, 0, 0, -151.5, -151.5, -151.5, 1147.0000000000225, 0, 0, 0, 0, 0, 0, 0, -151.5, 0, 0, 0, 0, -151.5, 0, 0, 709.5, 0, 0, 0, -151.5, 0, 0, 0, 0, 0, 861, 0, 0, 0, 0, 0, 0, 0, 0, 0, 0, 861, -151.5, 861, 0, 0, 0, 0, 0, 0]
Sharpe Ratio: 0.181
Annualized Sharpe: 2.869
Sharpe 95% CI: (np.float64(0.805), np.float64(4.47))
Daily Win Rate (%): 36.84
Max Drawdown: -1547.5
Profit Factor: 2.942
Expectancy: 42.276
Trades Per Month (Global): 7.416666666666667
Total Days: 174



Rolling 2 - Variant 3 - 10_3 - Fit Metrics
Trade Returns: [-151.5, 361, -151.5, -151.5, 261.00000000002524, -151.5, 361, -151.5, -151.5, -151.5, 361, 361, -151.5, -151.5, -151.5, 361, -151.5, -151.5, 361, -151.5, -151.5, -151.5, -151.5, 361, 361, -151.5, -151.5, -151.5, -151.5, 361, -151.5, -151.5, -151.5, -151.5, -151.5, -151.5, 361, 361, 361, -151.5, 361, 361, -151.5, 361, 361, -151.5, -151.5, 361, -151.5, 361, 361, 361, -151.5, -151.5, 361, -151.5, -151.5, -151.5, 361, 361, -151.5, 361, 361, -151.5, -151.5, -151.5, -151.5, -151.5, -151.5, -151.5, -151.5, -151.5, 361, -151.5, -151.5, -151.5, -151.5, -151.5, 361, 361, -151.5, -151.5, 361, -151.5, 361, 361, 361, -151.5, 361]
Daily Returns: [-151.5, 361, 0, -303.0, 0, 0, 0, 0, 0, 0, 0, 0, 0, 0, 0, 0, 0, 0, 0, 0, 0, 0, 0, 0, 0, 0, 0, 0, 0, 109.50000000002524, 361, 0, 0, 0, 0, 0, 0, -151.5, 0, 0, 0, 0, 0, 0, 0, 0, 0, 0, -151.5, 0, 0, 0, 0, 0, -151.5, 361, 0, 361, 0, -151.5, 0, 0, -151.5, 0, 0, 0, -151.5, 0, 0, 0, 0, 361, -151.5, 0, 0, 0, 0, 0, 0, 0, 0, 0, 0, -151.5, 0, 0, 0, 0, 0, 361, -151.5, 0, 0, 0, 0, 0, -151.5, 0, 0, 0, 0, -151.5, 0, 0, 0, 0, 0, 0, -151.5, 0, 0, 0, 0, 0, 0, 361, 0, 0, 0, 0, 0, 209.5, 0, 0, 0, 0, 0, 0, 0, 0, 0, 0, 0, 0, -454.5, 0, 0, 0, 209.5, 0, 0, -151.5, 0, 0, 0, 0, 0, -151.5, 0, -303.0, -151.5, 722, 0, 0, 0, 0, 0, 0, 0, 0, 0, 361, 0, -151.5, 361, 0, 0, 0, 361, -151.5, 0, 0, 0, 0, 0, 0, 0]
Sharpe Ratio: 0.049
Annualized Sharpe: 0.774
Sharpe 95% CI: (np.float64(-1.686), np.float64(2.907))
Daily Win Rate (%): 40.0
Max Drawdown: -1073.5
Profit Factor: 1.283
Expectancy: 6.062
Trades Per Month (Global): 7.416666666666667
Total Days: 177

Rolling 2 - Variant 3 - 10_3 - Test Metrics
Trade Returns: [-151.5, 361, -151.5, -151.5, 261.00000000002524, -151.5, 361, -151.5, -151.5, -151.5, 361, 361, -151.5, -151.5, -151.5, 361, -151.5, -151.5, 361, -151.5, -151.5, -151.5, -151.5, 361, 361, -151.5, -151.5, -151.5, -151.5, 361, -151.5, -151.5, -151.5, -151.5, -151.5, -151.5, 361, 361, 361, -151.5, 361, 361, -151.5, 361, 361, -151.5, -151.5, 361, -151.5, 361, 361, 361, -151.5, -151.5, 361, -151.5, -151.5, -151.5, 361, 361, -151.5, 361, 361, -151.5, -151.5, -151.5, -151.5, -151.5, -151.5, -151.5, -151.5, -151.5, 361, -151.5, -151.5, -151.5, -151.5, -151.5, 361, 361, -151.5, -151.5, 361, -151.5, 361, 361, 361, -151.5, 361]
Daily Returns: [0, 0, 0, 0, 361, 0, 0, 0, 0, 0, 209.5, 0, 0, 0, 0, -151.5, 0, 0, 0, 0, 0, 0, 361, 0, 0, 0, -151.5, 0, 0, 0, 361, 0, 0, 0, 361, 0, 361, 0, 0, 0, 0, 0, 0, 0, -303.0, 58.0, 0, 0, 0, 0, 0, -151.5, 0, 0, 361, 0, 209.5, 0, 0, 0, 0, 0, 0, 0, 0, 0, 0, 0, 722, 0, 0, 0, 0, 0, 0, 0, 0, 0, 0, 0, -151.5, 0, 0, 0, 0, 0, 0, -151.5, 0, 0, 0, 0, -151.5, 0, 0, 0, 0, 0, 0, -151.5, 0, -151.5, -151.5, 0, 0, -151.5, 0, 0, -151.5, 0, -151.5, 0, 0, 0, 361, 0, 0, -151.5, 0, 0, -151.5, 0, 0, 0, 0, -151.5, -151.5, -151.5, 722, 0, 0, 0, 0, 0, 0, 0, -151.5, 0, 0, 0, 0, -151.5, 0, 0, 209.5, 0, 0, 0, 361, 0, 0, 0, 0, 0, 361, 0, 0, 0, 0, 0, 0, 0, 0, 0, 0, 361, -151.5, 361, 0, 0, 0, 0, 0, 0]
Sharpe Ratio: 0.119
Annualized Sharpe: 1.881
Sharpe 95% CI: (np.float64(-0.506), np.float64(3.751))
Daily Win Rate (%): 44.74
Max Drawdown: -1760.0
Profit Factor: 1.831
Expectancy: 15.911
Trades Per Month (Global): 7.416666666666667
Total Days: 174



Rolling 2 - Variant 4 - 20_5 - Fit Metrics
Trade Returns: [-144.5, 118.00000000001398, -144.5, 618, 130.50000000001262, -82.0000000000195, -69.50000000002088, -144.5, -144.5, -144.5, -144.5, 618, -144.5, -144.5, -144.5, -144.5, -144.5, -144.5, 618, -144.5, -144.5, -144.5, -144.5, -144.5, 618, -144.5, -144.5, -144.5, -144.5, 618, -144.5, -144.5, -144.5, -144.5, -144.5, 618, -144.5, 80.50000000001812, 261.75000000001205, -144.5, 618, 618, -144.5, 618, 618, -144.5, -144.5, 618, -144.5, 618, 618, -144.5, -144.5, -144.5, 618, -144.5, -144.5, -144.5, -144.5, 618, -144.5, 618, -144.5, -144.5, -144.5, -144.5, -144.5, -144.5, -144.5, -144.5, -144.5, -144.5, 286.75000000000927, -144.5, -144.5, -7.0, -144.5, -144.5, 430.4999999999796, 143.00000000001123, -144.5, -144.5, 142.9999999999835, -144.5, -144.5, 399.2499999999969, 205.50000000000435, -144.5, 618]
Daily Returns: [-144.5, 118.00000000001398, 0, 473.5, 0, 0, 0, 0, 0, 0, 0, 0, 0, 0, 0, 0, 0, 0, 0, 0, 0, 0, 0, 0, 0, 0, 0, 0, 0, 48.49999999999312, -69.50000000002088, 0, 0, 0, 0, 0, 0, -144.5, 0, 0, 0, 0, 0, 0, 0, 0, 0, 0, -144.5, 0, 0, 0, 0, 0, -144.5, -144.5, 0, 618, 0, -144.5, 0, 0, -144.5, 0, 0, 0, -144.5, 0, 0, 0, 0, -144.5, -144.5, 0, 0, 0, 0, 0, 0, 0, 0, 0, 0, -144.5, 0, 0, 0, 0, 0, 618, -144.5, 0, 0, 0, 0, 0, -144.5, 0, 0, 0, 0, -144.5, 0, 0, 0, 0, 0, 0, -144.5, 0, 0, 0, 0, 0, 0, -144.5, 0, 0, 0, 0, 0, 473.5, 0, 0, 0, 0, 0, 0, 0, 0, 0, 0, 0, 0, -433.5, 0, 0, 0, 473.5, 0, 0, -144.5, 0, 0, 0, 0, 0, -144.5, 0, -289.0, 618, -63.99999999998188, 0, 0, 0, 0, 0, 0, 0, 0, 0, 261.75000000001205, 0, -144.5, 618, 0, 0, 0, 618, -144.5, 0, 0, 0, 0, 0, 0, 0]
Sharpe Ratio: 0.049
Annualized Sharpe: 0.775
Sharpe 95% CI: (np.float64(-1.782), np.float64(2.733))
Daily Win Rate (%): 31.43
Max Drawdown: -1065.5
Profit Factor: 1.318
Expectancy: 6.739
Trades Per Month (Global): 7.416666666666667
Total Days: 177

Rolling 2 - Variant 4 - 20_5 - Test Metrics
Trade Returns: [-144.5, 118.00000000001398, -144.5, 618, 130.50000000001262, -82.0000000000195, -69.50000000002088, -144.5, -144.5, -144.5, -144.5, 618, -144.5, -144.5, -144.5, -144.5, -144.5, -144.5, 618, -144.5, -144.5, -144.5, -144.5, -144.5, 618, -144.5, -144.5, -144.5, -144.5, 618, -144.5, -144.5, -144.5, -144.5, -144.5, 618, -144.5, 80.50000000001812, 261.75000000001205, -144.5, 618, 618, -144.5, 618, 618, -144.5, -144.5, 618, -144.5, 618, 618, -144.5, -144.5, -144.5, 618, -144.5, -144.5, -144.5, -144.5, 618, -144.5, 618, -144.5, -144.5, -144.5, -144.5, -144.5, -144.5, -144.5, -144.5, -144.5, -144.5, 286.75000000000927, -144.5, -144.5, -7.0, -144.5, -144.5, 430.4999999999796, 143.00000000001123, -144.5, -144.5, 142.9999999999835, -144.5, -144.5, 399.2499999999969, 205.50000000000435, -144.5, 618]
Daily Returns: [0, 0, 0, 0, 618, 0, 0, 0, 0, 0, 473.5, 0, 0, 0, 0, -144.5, 0, 0, 0, 0, 0, 0, 618, 0, 0, 0, -144.5, 0, 0, 0, 618, 0, 0, 0, 618, 0, -144.5, 0, 0, 0, 0, 0, 0, 0, -289.0, 329.0, 0, 0, 0, 0, 0, -144.5, 0, 0, -144.5, 0, 473.5, 0, 0, 0, 0, 0, 0, 0, 0, 0, 0, 0, 473.5, 0, 0, 0, 0, 0, 0, 0, 0, 0, 0, 0, -144.5, 0, 0, 0, 0, 0, 0, -144.5, 0, 0, 0, 0, -144.5, 0, 0, 0, 0, 0, 0, -144.5, 0, -144.5, -144.5, 0, 0, -144.5, 0, 0, -144.5, 0, -144.5, 0, 0, 0, 286.75000000000927, 0, 0, -144.5, 0, 0, -144.5, 0, 0, 0, 0, -7.0, -144.5, -144.5, 573.4999999999908, 0, 0, 0, 0, 0, 0, 0, -144.5, 0, 0, 0, 0, -144.5, 0, 0, -1.500000000016513, 0, 0, 0, -144.5, 0, 0, 0, 0, 0, 399.2499999999969, 0, 0, 0, 0, 0, 0, 0, 0, 0, 0, 205.50000000000435, -144.5, 618, 0, 0, 0, 0, 0, 0]
Sharpe Ratio: 0.11
Annualized Sharpe: 1.741
Sharpe 95% CI: (np.float64(-0.711), np.float64(3.558))
Daily Win Rate (%): 34.21
Max Drawdown: -1598.75
Profit Factor: 1.813
Expectancy: 16.253
Trades Per Month (Global): 7.416666666666667
Total Days: 174



Rolling 3 - Variant 0 - 10_5 - Fit Metrics
Trade Returns: [-151.5, 236.00000000002797, -151.5, -151.5, 261.00000000002524, -151.5, 611, -151.5, -151.5, -151.5, -151.5, 611, -151.5, -151.5, -151.5, -151.5, -151.5, -151.5, 611, -151.5, -151.5, -151.5, -151.5, -151.5, 611, -151.5, -151.5, -151.5, -151.5, 611, -151.5, -151.5, -151.5, -151.5, -151.5, -151.5, 611, 161.00000000003624, 611, -151.5, 611, 611, -151.5, 611, 611, -151.5, -151.5, 611, -151.5, 611, 611, 611, -151.5, -151.5, 611, -151.5, -151.5, -151.5, 611, 611, -151.5, 611, -151.5, -151.5, -151.5, -151.5, -151.5, -151.5, -151.5, -151.5, -151.5, -151.5, 611, -151.5, -151.5, -151.5, -151.5, -151.5, 611, 286.00000000002245, -151.5, -151.5, 611, -151.5, 611, 611, 611, -151.5, 611]
Daily Returns: [-151.5, 236.00000000002797, 0, -303.0, 0, 0, 0, 0, 0, 0, 0, 0, 0, 0, 0, 0, 0, 0, 0, 0, 0, 0, 0, 0, 0, 0, 0, 0, 0, 109.50000000002524, 611, 0, 0, 0, 0, 0, 0, -151.5, 0, 0, 0, 0, 0, 0, 0, 0, 0, 0, -151.5, 0, 0, 0, 0, 0, -151.5, -151.5, 0, 611, 0, -151.5, 0, 0, -151.5, 0, 0, 0, -151.5, 0, 0, 0, 0, -151.5, -151.5, 0, 0, 0, 0, 0, 0, 0, 0, 0, 0, -151.5, 0, 0, 0, 0, 0, 611, -151.5, 0, 0, 0, 0, 0, -151.5, 0, 0, 0, 0, -151.5, 0, 0, 0, 0, 0, 0, -151.5, 0, 0, 0, 0, 0, 0, -151.5, 0, 0, 0, 0, 0, 459.5, 0, 0, 0, 0, 0, 0, 0, 0, 0, 0, 0, 0, -454.5, 0, 0, 0, 459.5, 0, 0, -151.5, 0, 0, 0, 0, 0, -151.5, 0, -303.0, -151.5, 772.0000000000363, 0, 0, 0, 0, 0, 0, 0, 0, 0, 611, 0, -151.5, 611, 0, 0, 0, 611, -151.5, 0, 0, 0, 0, 0, 0, 0, 0, 0, 0, 0, 611, 0, 0, 0, 0, 0, 459.5, 0, 0, 0, 0, -151.5, 0, 0, 0, 0, 0, 0, 611, 0, 0, 0, -151.5, 0, 0, 0, 611, 0, 0, 0, 611, 0, 611, 0, 0, 0, 0, 0, 0, 0, -303.0, 308.0, 0, 0, 0, 0, 0, -151.5, 0, 0, 611, 0, 459.5, 0]
Sharpe Ratio: 0.138
Annualized Sharpe: 2.188
Sharpe 95% CI: (np.float64(0.299), np.float64(3.835))
Daily Win Rate (%): 41.67
Max Drawdown: -1348.5
Profit Factor: 2.119
Expectancy: 23.813
Trades Per Month (Global): 7.416666666666667
Total Days: 235

Rolling 3 - Variant 0 - 10_5 - Test Metrics
Trade Returns: [-151.5, 236.00000000002797, -151.5, -151.5, 261.00000000002524, -151.5, 611, -151.5, -151.5, -151.5, -151.5, 611, -151.5, -151.5, -151.5, -151.5, -151.5, -151.5, 611, -151.5, -151.5, -151.5, -151.5, -151.5, 611, -151.5, -151.5, -151.5, -151.5, 611, -151.5, -151.5, -151.5, -151.5, -151.5, -151.5, 611, 161.00000000003624, 611, -151.5, 611, 611, -151.5, 611, 611, -151.5, -151.5, 611, -151.5, 611, 611, 611, -151.5, -151.5, 611, -151.5, -151.5, -151.5, 611, 611, -151.5, 611, -151.5, -151.5, -151.5, -151.5, -151.5, -151.5, -151.5, -151.5, -151.5, -151.5, 611, -151.5, -151.5, -151.5, -151.5, -151.5, 611, 286.00000000002245, -151.5, -151.5, 611, -151.5, 611, 611, 611, -151.5, 611]
Daily Returns: [0, 0, 0, 0, 0, 0, 0, 0, 0, 0, 459.5, 0, 0, 0, 0, 0, 0, 0, 0, 0, 0, 0, -151.5, 0, 0, 0, 0, 0, 0, -151.5, 0, 0, 0, 0, -151.5, 0, 0, 0, 0, 0, 0, -151.5, 0, -151.5, -151.5, 0, 0, -151.5, 0, 0, -151.5, 0, -151.5, 0, 0, 0, 611, 0, 0, -151.5, 0, 0, -151.5, 0, 0, 0, 0, -151.5, -151.5, -151.5, 897.0000000000225, 0, 0, 0, 0, 0, 0, 0, -151.5, 0, 0, 0, 0, -151.5, 0, 0, 459.5, 0, 0, 0, 611, 0, 0, 0, 0, 0, 611, 0, 0, 0, 0, 0, 0, 0, 0, 0, 0, 611, -151.5, 611, 0, 0, 0, 0, 0, 0]
Sharpe Ratio: 0.114
Annualized Sharpe: 1.817
Sharpe 95% CI: (np.float64(-1.227), np.float64(3.917))
Daily Win Rate (%): 32.0
Max Drawdown: -1510.0
Profit Factor: 1.891
Expectancy: 19.789
Trades Per Month (Global): 7.416666666666667
Total Days: 116



Rolling 3 - Variant 1 - 10_6 - Fit Metrics
Trade Returns: [-151.5, 236.00000000002797, -151.5, -151.5, 261.00000000002524, -151.5, -151.5, -151.5, -151.5, -151.5, -151.5, 736, -151.5, -151.5, -151.5, -151.5, -151.5, -151.5, 736, -151.5, -151.5, -151.5, -151.5, -151.5, 736, -151.5, -151.5, -151.5, -151.5, 736, -151.5, -151.5, -151.5, -151.5, -151.5, -151.5, 736, 161.00000000003624, -151.5, -151.5, 736, 736, -151.5, 736, 736, -151.5, -151.5, 736, -151.5, 736, 736, 736, -151.5, -151.5, 736, -151.5, -151.5, -151.5, 736, 736, -151.5, 736, -151.5, -151.5, -151.5, -151.5, -151.5, -151.5, -151.5, -151.5, -151.5, -151.5, 573.5000000000185, -151.5, -151.5, -151.5, -151.5, -151.5, 736, 286.00000000002245, -151.5, -151.5, 736, -151.5, -151.5, 736, 736, -151.5, 736]
Daily Returns: [-151.5, 236.00000000002797, 0, -303.0, 0, 0, 0, 0, 0, 0, 0, 0, 0, 0, 0, 0, 0, 0, 0, 0, 0, 0, 0, 0, 0, 0, 0, 0, 0, 109.50000000002524, -151.5, 0, 0, 0, 0, 0, 0, -151.5, 0, 0, 0, 0, 0, 0, 0, 0, 0, 0, -151.5, 0, 0, 0, 0, 0, -151.5, -151.5, 0, 736, 0, -151.5, 0, 0, -151.5, 0, 0, 0, -151.5, 0, 0, 0, 0, -151.5, -151.5, 0, 0, 0, 0, 0, 0, 0, 0, 0, 0, -151.5, 0, 0, 0, 0, 0, 736, -151.5, 0, 0, 0, 0, 0, -151.5, 0, 0, 0, 0, -151.5, 0, 0, 0, 0, 0, 0, -151.5, 0, 0, 0, 0, 0, 0, -151.5, 0, 0, 0, 0, 0, 584.5, 0, 0, 0, 0, 0, 0, 0, 0, 0, 0, 0, 0, -454.5, 0, 0, 0, 584.5, 0, 0, -151.5, 0, 0, 0, 0, 0, -151.5, 0, -303.0, -151.5, 897.0000000000363, 0, 0, 0, 0, 0, 0, 0, 0, 0, -151.5, 0, -151.5, 736, 0, 0, 0, 736, -151.5, 0, 0, 0, 0, 0, 0, 0, 0, 0, 0, 0, 736, 0, 0, 0, 0, 0, 584.5, 0, 0, 0, 0, -151.5, 0, 0, 0, 0, 0, 0, 736, 0, 0, 0, -151.5, 0, 0, 0, 736, 0, 0, 0, 736, 0, 736, 0, 0, 0, 0, 0, 0, 0, -303.0, 433.0, 0, 0, 0, 0, 0, -151.5, 0, 0, 736, 0, 584.5, 0]
Sharpe Ratio: 0.133
Annualized Sharpe: 2.119
Sharpe 95% CI: (np.float64(0.219), np.float64(3.711))
Daily Win Rate (%): 37.5
Max Drawdown: -1188.5
Profit Factor: 2.145
Expectancy: 25.834
Trades Per Month (Global): 7.416666666666667
Total Days: 235

Rolling 3 - Variant 1 - 10_6 - Test Metrics
Trade Returns: [-151.5, 236.00000000002797, -151.5, -151.5, 261.00000000002524, -151.5, -151.5, -151.5, -151.5, -151.5, -151.5, 736, -151.5, -151.5, -151.5, -151.5, -151.5, -151.5, 736, -151.5, -151.5, -151.5, -151.5, -151.5, 736, -151.5, -151.5, -151.5, -151.5, 736, -151.5, -151.5, -151.5, -151.5, -151.5, -151.5, 736, 161.00000000003624, -151.5, -151.5, 736, 736, -151.5, 736, 736, -151.5, -151.5, 736, -151.5, 736, 736, 736, -151.5, -151.5, 736, -151.5, -151.5, -151.5, 736, 736, -151.5, 736, -151.5, -151.5, -151.5, -151.5, -151.5, -151.5, -151.5, -151.5, -151.5, -151.5, 573.5000000000185, -151.5, -151.5, -151.5, -151.5, -151.5, 736, 286.00000000002245, -151.5, -151.5, 736, -151.5, -151.5, 736, 736, -151.5, 736]
Daily Returns: [0, 0, 0, 0, 0, 0, 0, 0, 0, 0, 584.5, 0, 0, 0, 0, 0, 0, 0, 0, 0, 0, 0, -151.5, 0, 0, 0, 0, 0, 0, -151.5, 0, 0, 0, 0, -151.5, 0, 0, 0, 0, 0, 0, -151.5, 0, -151.5, -151.5, 0, 0, -151.5, 0, 0, -151.5, 0, -151.5, 0, 0, 0, 573.5000000000185, 0, 0, -151.5, 0, 0, -151.5, 0, 0, 0, 0, -151.5, -151.5, -151.5, 1022.0000000000225, 0, 0, 0, 0, 0, 0, 0, -151.5, 0, 0, 0, 0, -151.5, 0, 0, 584.5, 0, 0, 0, -151.5, 0, 0, 0, 0, 0, 736, 0, 0, 0, 0, 0, 0, 0, 0, 0, 0, 736, -151.5, 736, 0, 0, 0, 0, 0, 0]
Sharpe Ratio: 0.103
Annualized Sharpe: 1.637
Sharpe 95% CI: (np.float64(-1.632), np.float64(3.714))
Daily Win Rate (%): 28.0
Max Drawdown: -1547.5
Profit Factor: 1.823
Expectancy: 19.358
Trades Per Month (Global): 7.416666666666667
Total Days: 116



Rolling 3 - Variant 2 - 10_11 - Fit Metrics
Trade Returns: [-151.5, 236.00000000002797, -151.5, -151.5, 261.00000000002524, -151.5, -151.5, -151.5, -151.5, -151.5, -151.5, 1361, -151.5, -151.5, -151.5, -151.5, -151.5, -151.5, -151.5, -151.5, -151.5, -151.5, -151.5, -151.5, 1361, -151.5, -151.5, -151.5, -151.5, 1361, -151.5, -151.5, -151.5, -151.5, -151.5, -151.5, -151.5, 161.00000000003624, -151.5, -151.5, 1361, 1361, -151.5, 1361, 1361, -151.5, -151.5, 1361, -151.5, 1361, -151.5, -151.5, -151.5, -151.5, 1361, -151.5, -151.5, -151.5, -151.5, 1361, -151.5, 1361, -151.5, -151.5, -151.5, -151.5, -151.5, -151.5, -151.5, -151.5, -151.5, -151.5, 573.5000000000185, -151.5, -151.5, -151.5, -151.5, -151.5, 860.9999999999592, 286.00000000002245, -151.5, -151.5, 285.999999999967, -151.5, -151.5, 798.4999999999937, 411.0000000000087, -151.5, 1361]
Daily Returns: [-151.5, 236.00000000002797, 0, -303.0, 0, 0, 0, 0, 0, 0, 0, 0, 0, 0, 0, 0, 0, 0, 0, 0, 0, 0, 0, 0, 0, 0, 0, 0, 0, 109.50000000002524, -151.5, 0, 0, 0, 0, 0, 0, -151.5, 0, 0, 0, 0, 0, 0, 0, 0, 0, 0, -151.5, 0, 0, 0, 0, 0, -151.5, -151.5, 0, 1361, 0, -151.5, 0, 0, -151.5, 0, 0, 0, -151.5, 0, 0, 0, 0, -151.5, -151.5, 0, 0, 0, 0, 0, 0, 0, 0, 0, 0, -151.5, 0, 0, 0, 0, 0, -151.5, -151.5, 0, 0, 0, 0, 0, -151.5, 0, 0, 0, 0, -151.5, 0, 0, 0, 0, 0, 0, -151.5, 0, 0, 0, 0, 0, 0, -151.5, 0, 0, 0, 0, 0, 1209.5, 0, 0, 0, 0, 0, 0, 0, 0, 0, 0, 0, 0, -454.5, 0, 0, 0, 1209.5, 0, 0, -151.5, 0, 0, 0, 0, 0, -151.5, 0, -303.0, -151.5, 9.500000000036238, 0, 0, 0, 0, 0, 0, 0, 0, 0, -151.5, 0, -151.5, 1361, 0, 0, 0, 1361, -151.5, 0, 0, 0, 0, 0, 0, 0, 0, 0, 0, 0, 1361, 0, 0, 0, 0, 0, 1209.5, 0, 0, 0, 0, -151.5, 0, 0, 0, 0, 0, 0, 1361, 0, 0, 0, -151.5, 0, 0, 0, 1361, 0, 0, 0, -151.5, 0, -151.5, 0, 0, 0, 0, 0, 0, 0, -303.0, 1058.0, 0, 0, 0, 0, 0, -151.5, 0, 0, -151.5, 0, 1209.5, 0]
Sharpe Ratio: 0.127
Annualized Sharpe: 2.016
Sharpe 95% CI: (np.float64(0.23), np.float64(3.438))
Daily Win Rate (%): 29.17
Max Drawdown: -1818.0
Profit Factor: 2.44
Expectancy: 36.206
Trades Per Month (Global): 7.416666666666667
Total Days: 235

Rolling 3 - Variant 2 - 10_11 - Test Metrics
Trade Returns: [-151.5, 236.00000000002797, -151.5, -151.5, 261.00000000002524, -151.5, -151.5, -151.5, -151.5, -151.5, -151.5, 1361, -151.5, -151.5, -151.5, -151.5, -151.5, -151.5, -151.5, -151.5, -151.5, -151.5, -151.5, -151.5, 1361, -151.5, -151.5, -151.5, -151.5, 1361, -151.5, -151.5, -151.5, -151.5, -151.5, -151.5, -151.5, 161.00000000003624, -151.5, -151.5, 1361, 1361, -151.5, 1361, 1361, -151.5, -151.5, 1361, -151.5, 1361, -151.5, -151.5, -151.5, -151.5, 1361, -151.5, -151.5, -151.5, -151.5, 1361, -151.5, 1361, -151.5, -151.5, -151.5, -151.5, -151.5, -151.5, -151.5, -151.5, -151.5, -151.5, 573.5000000000185, -151.5, -151.5, -151.5, -151.5, -151.5, 860.9999999999592, 286.00000000002245, -151.5, -151.5, 285.999999999967, -151.5, -151.5, 798.4999999999937, 411.0000000000087, -151.5, 1361]
Daily Returns: [0, 0, 0, 0, 0, 0, 0, 0, 0, 0, 1209.5, 0, 0, 0, 0, 0, 0, 0, 0, 0, 0, 0, -151.5, 0, 0, 0, 0, 0, 0, -151.5, 0, 0, 0, 0, -151.5, 0, 0, 0, 0, 0, 0, -151.5, 0, -151.5, -151.5, 0, 0, -151.5, 0, 0, -151.5, 0, -151.5, 0, 0, 0, 573.5000000000185, 0, 0, -151.5, 0, 0, -151.5, 0, 0, 0, 0, -151.5, -151.5, -151.5, 1146.9999999999816, 0, 0, 0, 0, 0, 0, 0, -151.5, 0, 0, 0, 0, -151.5, 0, 0, 134.49999999996697, 0, 0, 0, -151.5, 0, 0, 0, 0, 0, 798.4999999999937, 0, 0, 0, 0, 0, 0, 0, 0, 0, 0, 411.0000000000087, -151.5, 1361, 0, 0, 0, 0, 0, 0]
Sharpe Ratio: 0.109
Annualized Sharpe: 1.724
Sharpe 95% CI: (np.float64(-1.546), np.float64(3.588))
Daily Win Rate (%): 28.0
Max Drawdown: -1547.5
Profit Factor: 2.066
Expectancy: 25.069
Trades Per Month (Global): 7.416666666666667
Total Days: 116



Rolling 3 - Variant 3 - 10_12 - Fit Metrics
Trade Returns: [-151.5, 236.00000000002797, -151.5, -151.5, 261.00000000002524, -151.5, -151.5, -151.5, -151.5, -151.5, -151.5, 361.0000000000142, -151.5, -151.5, -151.5, -151.5, -151.5, -151.5, -151.5, -151.5, -151.5, -151.5, -151.5, -151.5, 1486, -151.5, -151.5, -151.5, -151.5, 1486, -151.5, -151.5, -151.5, -151.5, -151.5, -151.5, -151.5, 161.00000000003624, -151.5, -151.5, 1486, 1486, -151.5, 1486, 1486, -151.5, -151.5, 1486, -151.5, 1486, -151.5, -151.5, -151.5, -151.5, 1486, -151.5, -151.5, -151.5, -151.5, 1486, -151.5, 1486, -151.5, -151.5, -151.5, -151.5, -151.5, -151.5, -151.5, -151.5, -151.5, -151.5, 573.5000000000185, -151.5, -151.5, -151.5, -151.5, -151.5, 860.9999999999592, 286.00000000002245, -151.5, -151.5, 285.999999999967, -151.5, -151.5, 798.4999999999937, 411.0000000000087, -151.5, 1486]
Daily Returns: [-151.5, 236.00000000002797, 0, -303.0, 0, 0, 0, 0, 0, 0, 0, 0, 0, 0, 0, 0, 0, 0, 0, 0, 0, 0, 0, 0, 0, 0, 0, 0, 0, 109.50000000002524, -151.5, 0, 0, 0, 0, 0, 0, -151.5, 0, 0, 0, 0, 0, 0, 0, 0, 0, 0, -151.5, 0, 0, 0, 0, 0, -151.5, -151.5, 0, 361.0000000000142, 0, -151.5, 0, 0, -151.5, 0, 0, 0, -151.5, 0, 0, 0, 0, -151.5, -151.5, 0, 0, 0, 0, 0, 0, 0, 0, 0, 0, -151.5, 0, 0, 0, 0, 0, -151.5, -151.5, 0, 0, 0, 0, 0, -151.5, 0, 0, 0, 0, -151.5, 0, 0, 0, 0, 0, 0, -151.5, 0, 0, 0, 0, 0, 0, -151.5, 0, 0, 0, 0, 0, 1334.5, 0, 0, 0, 0, 0, 0, 0, 0, 0, 0, 0, 0, -454.5, 0, 0, 0, 1334.5, 0, 0, -151.5, 0, 0, 0, 0, 0, -151.5, 0, -303.0, -151.5, 9.500000000036238, 0, 0, 0, 0, 0, 0, 0, 0, 0, -151.5, 0, -151.5, 1486, 0, 0, 0, 1486, -151.5, 0, 0, 0, 0, 0, 0, 0, 0, 0, 0, 0, 1486, 0, 0, 0, 0, 0, 1334.5, 0, 0, 0, 0, -151.5, 0, 0, 0, 0, 0, 0, 1486, 0, 0, 0, -151.5, 0, 0, 0, 1486, 0, 0, 0, -151.5, 0, -151.5, 0, 0, 0, 0, 0, 0, 0, -303.0, 1183.0, 0, 0, 0, 0, 0, -151.5, 0, 0, -151.5, 0, 1334.5, 0]
Sharpe Ratio: 0.126
Annualized Sharpe: 1.994
Sharpe 95% CI: (np.float64(0.229), np.float64(3.394))
Daily Win Rate (%): 29.17
Max Drawdown: -2408.0
Profit Factor: 2.482
Expectancy: 37.27
Trades Per Month (Global): 7.416666666666667
Total Days: 235

Rolling 3 - Variant 3 - 10_12 - Test Metrics
Trade Returns: [-151.5, 236.00000000002797, -151.5, -151.5, 261.00000000002524, -151.5, -151.5, -151.5, -151.5, -151.5, -151.5, 361.0000000000142, -151.5, -151.5, -151.5, -151.5, -151.5, -151.5, -151.5, -151.5, -151.5, -151.5, -151.5, -151.5, 1486, -151.5, -151.5, -151.5, -151.5, 1486, -151.5, -151.5, -151.5, -151.5, -151.5, -151.5, -151.5, 161.00000000003624, -151.5, -151.5, 1486, 1486, -151.5, 1486, 1486, -151.5, -151.5, 1486, -151.5, 1486, -151.5, -151.5, -151.5, -151.5, 1486, -151.5, -151.5, -151.5, -151.5, 1486, -151.5, 1486, -151.5, -151.5, -151.5, -151.5, -151.5, -151.5, -151.5, -151.5, -151.5, -151.5, 573.5000000000185, -151.5, -151.5, -151.5, -151.5, -151.5, 860.9999999999592, 286.00000000002245, -151.5, -151.5, 285.999999999967, -151.5, -151.5, 798.4999999999937, 411.0000000000087, -151.5, 1486]
Daily Returns: [0, 0, 0, 0, 0, 0, 0, 0, 0, 0, 1334.5, 0, 0, 0, 0, 0, 0, 0, 0, 0, 0, 0, -151.5, 0, 0, 0, 0, 0, 0, -151.5, 0, 0, 0, 0, -151.5, 0, 0, 0, 0, 0, 0, -151.5, 0, -151.5, -151.5, 0, 0, -151.5, 0, 0, -151.5, 0, -151.5, 0, 0, 0, 573.5000000000185, 0, 0, -151.5, 0, 0, -151.5, 0, 0, 0, 0, -151.5, -151.5, -151.5, 1146.9999999999816, 0, 0, 0, 0, 0, 0, 0, -151.5, 0, 0, 0, 0, -151.5, 0, 0, 134.49999999996697, 0, 0, 0, -151.5, 0, 0, 0, 0, 0, 798.4999999999937, 0, 0, 0, 0, 0, 0, 0, 0, 0, 0, 411.0000000000087, -151.5, 1486, 0, 0, 0, 0, 0, 0]
Sharpe Ratio: 0.112
Annualized Sharpe: 1.779
Sharpe 95% CI: (np.float64(-1.503), np.float64(3.607))
Daily Win Rate (%): 28.0
Max Drawdown: -1547.5
Profit Factor: 2.158
Expectancy: 27.224
Trades Per Month (Global): 7.416666666666667
Total Days: 116



Rolling 3 - Variant 4 - 10_7 - Fit Metrics
Trade Returns: [-151.5, 236.00000000002797, -151.5, -151.5, 261.00000000002524, -151.5, -151.5, -151.5, -151.5, -151.5, -151.5, 861, -151.5, -151.5, -151.5, -151.5, -151.5, -151.5, 861, -151.5, -151.5, -151.5, -151.5, -151.5, 861, -151.5, -151.5, -151.5, -151.5, 861, -151.5, -151.5, -151.5, -151.5, -151.5, -151.5, 861, 161.00000000003624, -151.5, -151.5, 861, 861, -151.5, 861, 861, -151.5, -151.5, 861, -151.5, 861, 861, -151.5, -151.5, -151.5, 861, -151.5, -151.5, -151.5, -151.5, 861, -151.5, 861, -151.5, -151.5, -151.5, -151.5, -151.5, -151.5, -151.5, -151.5, -151.5, -151.5, 573.5000000000185, -151.5, -151.5, -151.5, -151.5, -151.5, 861, 286.00000000002245, -151.5, -151.5, 861, -151.5, -151.5, 861, 861, -151.5, 861]
Daily Returns: [-151.5, 236.00000000002797, 0, -303.0, 0, 0, 0, 0, 0, 0, 0, 0, 0, 0, 0, 0, 0, 0, 0, 0, 0, 0, 0, 0, 0, 0, 0, 0, 0, 109.50000000002524, -151.5, 0, 0, 0, 0, 0, 0, -151.5, 0, 0, 0, 0, 0, 0, 0, 0, 0, 0, -151.5, 0, 0, 0, 0, 0, -151.5, -151.5, 0, 861, 0, -151.5, 0, 0, -151.5, 0, 0, 0, -151.5, 0, 0, 0, 0, -151.5, -151.5, 0, 0, 0, 0, 0, 0, 0, 0, 0, 0, -151.5, 0, 0, 0, 0, 0, 861, -151.5, 0, 0, 0, 0, 0, -151.5, 0, 0, 0, 0, -151.5, 0, 0, 0, 0, 0, 0, -151.5, 0, 0, 0, 0, 0, 0, -151.5, 0, 0, 0, 0, 0, 709.5, 0, 0, 0, 0, 0, 0, 0, 0, 0, 0, 0, 0, -454.5, 0, 0, 0, 709.5, 0, 0, -151.5, 0, 0, 0, 0, 0, -151.5, 0, -303.0, -151.5, 1022.0000000000363, 0, 0, 0, 0, 0, 0, 0, 0, 0, -151.5, 0, -151.5, 861, 0, 0, 0, 861, -151.5, 0, 0, 0, 0, 0, 0, 0, 0, 0, 0, 0, 861, 0, 0, 0, 0, 0, 709.5, 0, 0, 0, 0, -151.5, 0, 0, 0, 0, 0, 0, 861, 0, 0, 0, -151.5, 0, 0, 0, 861, 0, 0, 0, 861, 0, -151.5, 0, 0, 0, 0, 0, 0, 0, -303.0, 558.0, 0, 0, 0, 0, 0, -151.5, 0, 0, -151.5, 0, 709.5, 0]
Sharpe Ratio: 0.122
Annualized Sharpe: 1.943
Sharpe 95% CI: (np.float64(0.093), np.float64(3.49))
Daily Win Rate (%): 33.33
Max Drawdown: -999.0
Profit Factor: 2.079
Expectancy: 25.728
Trades Per Month (Global): 7.416666666666667
Total Days: 235

Rolling 3 - Variant 4 - 10_7 - Test Metrics
Trade Returns: [-151.5, 236.00000000002797, -151.5, -151.5, 261.00000000002524, -151.5, -151.5, -151.5, -151.5, -151.5, -151.5, 861, -151.5, -151.5, -151.5, -151.5, -151.5, -151.5, 861, -151.5, -151.5, -151.5, -151.5, -151.5, 861, -151.5, -151.5, -151.5, -151.5, 861, -151.5, -151.5, -151.5, -151.5, -151.5, -151.5, 861, 161.00000000003624, -151.5, -151.5, 861, 861, -151.5, 861, 861, -151.5, -151.5, 861, -151.5, 861, 861, -151.5, -151.5, -151.5, 861, -151.5, -151.5, -151.5, -151.5, 861, -151.5, 861, -151.5, -151.5, -151.5, -151.5, -151.5, -151.5, -151.5, -151.5, -151.5, -151.5, 573.5000000000185, -151.5, -151.5, -151.5, -151.5, -151.5, 861, 286.00000000002245, -151.5, -151.5, 861, -151.5, -151.5, 861, 861, -151.5, 861]
Daily Returns: [0, 0, 0, 0, 0, 0, 0, 0, 0, 0, 709.5, 0, 0, 0, 0, 0, 0, 0, 0, 0, 0, 0, -151.5, 0, 0, 0, 0, 0, 0, -151.5, 0, 0, 0, 0, -151.5, 0, 0, 0, 0, 0, 0, -151.5, 0, -151.5, -151.5, 0, 0, -151.5, 0, 0, -151.5, 0, -151.5, 0, 0, 0, 573.5000000000185, 0, 0, -151.5, 0, 0, -151.5, 0, 0, 0, 0, -151.5, -151.5, -151.5, 1147.0000000000225, 0, 0, 0, 0, 0, 0, 0, -151.5, 0, 0, 0, 0, -151.5, 0, 0, 709.5, 0, 0, 0, -151.5, 0, 0, 0, 0, 0, 861, 0, 0, 0, 0, 0, 0, 0, 0, 0, 0, 861, -151.5, 861, 0, 0, 0, 0, 0, 0]
Sharpe Ratio: 0.121
Annualized Sharpe: 1.926
Sharpe 95% CI: (np.float64(-1.214), np.float64(3.926))
Daily Win Rate (%): 28.0
Max Drawdown: -1547.5
Profit Factor: 2.098
Expectancy: 25.823
Trades Per Month (Global): 7.416666666666667
Total Days: 116



Rolling 4 - Variant 0 - 10_11 - Fit Metrics
Trade Returns: [-151.5, 236.00000000002797, -151.5, -151.5, 261.00000000002524, -151.5, -151.5, -151.5, -151.5, -151.5, -151.5, 1361, -151.5, -151.5, -151.5, -151.5, -151.5, -151.5, -151.5, -151.5, -151.5, -151.5, -151.5, -151.5, 1361, -151.5, -151.5, -151.5, -151.5, 1361, -151.5, -151.5, -151.5, -151.5, -151.5, -151.5, -151.5, 161.00000000003624, -151.5, -151.5, 1361, 1361, -151.5, 1361, 1361, -151.5, -151.5, 1361, -151.5, 1361, -151.5, -151.5, -151.5, -151.5, 1361, -151.5, -151.5, -151.5, -151.5, 1361, -151.5, 1361, -151.5, -151.5, -151.5, -151.5, -151.5, -151.5, -151.5, -151.5, -151.5, -151.5, 573.5000000000185, -151.5, -151.5, -151.5, -151.5, -151.5, 860.9999999999592, 286.00000000002245, -151.5, -151.5, 285.999999999967, -151.5, -151.5, 798.4999999999937, 411.0000000000087, -151.5, 1361]
Daily Returns: [-151.5, 236.00000000002797, 0, -303.0, 0, 0, 0, 0, 0, 0, 0, 0, 0, 0, 0, 0, 0, 0, 0, 0, 0, 0, 0, 0, 0, 0, 0, 0, 0, 109.50000000002524, -151.5, 0, 0, 0, 0, 0, 0, -151.5, 0, 0, 0, 0, 0, 0, 0, 0, 0, 0, -151.5, 0, 0, 0, 0, 0, -151.5, -151.5, 0, 1361, 0, -151.5, 0, 0, -151.5, 0, 0, 0, -151.5, 0, 0, 0, 0, -151.5, -151.5, 0, 0, 0, 0, 0, 0, 0, 0, 0, 0, -151.5, 0, 0, 0, 0, 0, -151.5, -151.5, 0, 0, 0, 0, 0, -151.5, 0, 0, 0, 0, -151.5, 0, 0, 0, 0, 0, 0, -151.5, 0, 0, 0, 0, 0, 0, -151.5, 0, 0, 0, 0, 0, 1209.5, 0, 0, 0, 0, 0, 0, 0, 0, 0, 0, 0, 0, -454.5, 0, 0, 0, 1209.5, 0, 0, -151.5, 0, 0, 0, 0, 0, -151.5, 0, -303.0, -151.5, 9.500000000036238, 0, 0, 0, 0, 0, 0, 0, 0, 0, -151.5, 0, -151.5, 1361, 0, 0, 0, 1361, -151.5, 0, 0, 0, 0, 0, 0, 0, 0, 0, 0, 0, 1361, 0, 0, 0, 0, 0, 1209.5, 0, 0, 0, 0, -151.5, 0, 0, 0, 0, 0, 0, 1361, 0, 0, 0, -151.5, 0, 0, 0, 1361, 0, 0, 0, -151.5, 0, -151.5, 0, 0, 0, 0, 0, 0, 0, -303.0, 1058.0, 0, 0, 0, 0, 0, -151.5, 0, 0, -151.5, 0, 1209.5, 0, 0, 0, 0, 0, 0, 0, 0, 0, 0, 0, 1209.5, 0, 0, 0, 0, 0, 0, 0, 0, 0, 0, 0, -151.5, 0, 0, 0, 0, 0, 0, -151.5, 0, 0, 0, 0, -151.5, 0, 0, 0, 0, 0, 0, -151.5, 0, -151.5, -151.5, 0, 0, -151.5, 0, 0, -151.5, 0, -151.5, 0, 0, 0, 573.5000000000185, 0]
Sharpe Ratio: 0.113
Annualized Sharpe: 1.802
Sharpe 95% CI: (np.float64(0.164), np.float64(3.031))
Daily Win Rate (%): 27.12
Max Drawdown: -1818.0
Profit Factor: 2.228
Expectancy: 30.471
Trades Per Month (Global): 7.416666666666667
Total Days: 293

Rolling 4 - Variant 0 - 10_11 - Test Metrics
Trade Returns: [-151.5, 236.00000000002797, -151.5, -151.5, 261.00000000002524, -151.5, -151.5, -151.5, -151.5, -151.5, -151.5, 1361, -151.5, -151.5, -151.5, -151.5, -151.5, -151.5, -151.5, -151.5, -151.5, -151.5, -151.5, -151.5, 1361, -151.5, -151.5, -151.5, -151.5, 1361, -151.5, -151.5, -151.5, -151.5, -151.5, -151.5, -151.5, 161.00000000003624, -151.5, -151.5, 1361, 1361, -151.5, 1361, 1361, -151.5, -151.5, 1361, -151.5, 1361, -151.5, -151.5, -151.5, -151.5, 1361, -151.5, -151.5, -151.5, -151.5, 1361, -151.5, 1361, -151.5, -151.5, -151.5, -151.5, -151.5, -151.5, -151.5, -151.5, -151.5, -151.5, 573.5000000000185, -151.5, -151.5, -151.5, -151.5, -151.5, 860.9999999999592, 286.00000000002245, -151.5, -151.5, 285.999999999967, -151.5, -151.5, 798.4999999999937, 411.0000000000087, -151.5, 1361]
Daily Returns: [0, -151.5, 0, 0, -151.5, 0, 0, 0, 0, -151.5, -151.5, -151.5, 1146.9999999999816, 0, 0, 0, 0, 0, 0, 0, -151.5, 0, 0, 0, 0, -151.5, 0, 0, 134.49999999996697, 0, 0, 0, -151.5, 0, 0, 0, 0, 0, 798.4999999999937, 0, 0, 0, 0, 0, 0, 0, 0, 0, 0, 411.0000000000087, -151.5, 1361, 0, 0, 0, 0, 0, 0]
Sharpe Ratio: 0.16
Annualized Sharpe: 2.542
Sharpe 95% CI: (np.float64(-3.07), np.float64(5.075))
Daily Win Rate (%): 35.71
Max Drawdown: -757.5
Profit Factor: 2.825
Expectancy: 42.905
Trades Per Month (Global): 7.416666666666667
Total Days: 58



Rolling 4 - Variant 1 - 10_12 - Fit Metrics
Trade Returns: [-151.5, 236.00000000002797, -151.5, -151.5, 261.00000000002524, -151.5, -151.5, -151.5, -151.5, -151.5, -151.5, 361.0000000000142, -151.5, -151.5, -151.5, -151.5, -151.5, -151.5, -151.5, -151.5, -151.5, -151.5, -151.5, -151.5, 1486, -151.5, -151.5, -151.5, -151.5, 1486, -151.5, -151.5, -151.5, -151.5, -151.5, -151.5, -151.5, 161.00000000003624, -151.5, -151.5, 1486, 1486, -151.5, 1486, 1486, -151.5, -151.5, 1486, -151.5, 1486, -151.5, -151.5, -151.5, -151.5, 1486, -151.5, -151.5, -151.5, -151.5, 1486, -151.5, 1486, -151.5, -151.5, -151.5, -151.5, -151.5, -151.5, -151.5, -151.5, -151.5, -151.5, 573.5000000000185, -151.5, -151.5, -151.5, -151.5, -151.5, 860.9999999999592, 286.00000000002245, -151.5, -151.5, 285.999999999967, -151.5, -151.5, 798.4999999999937, 411.0000000000087, -151.5, 1486]
Daily Returns: [-151.5, 236.00000000002797, 0, -303.0, 0, 0, 0, 0, 0, 0, 0, 0, 0, 0, 0, 0, 0, 0, 0, 0, 0, 0, 0, 0, 0, 0, 0, 0, 0, 109.50000000002524, -151.5, 0, 0, 0, 0, 0, 0, -151.5, 0, 0, 0, 0, 0, 0, 0, 0, 0, 0, -151.5, 0, 0, 0, 0, 0, -151.5, -151.5, 0, 361.0000000000142, 0, -151.5, 0, 0, -151.5, 0, 0, 0, -151.5, 0, 0, 0, 0, -151.5, -151.5, 0, 0, 0, 0, 0, 0, 0, 0, 0, 0, -151.5, 0, 0, 0, 0, 0, -151.5, -151.5, 0, 0, 0, 0, 0, -151.5, 0, 0, 0, 0, -151.5, 0, 0, 0, 0, 0, 0, -151.5, 0, 0, 0, 0, 0, 0, -151.5, 0, 0, 0, 0, 0, 1334.5, 0, 0, 0, 0, 0, 0, 0, 0, 0, 0, 0, 0, -454.5, 0, 0, 0, 1334.5, 0, 0, -151.5, 0, 0, 0, 0, 0, -151.5, 0, -303.0, -151.5, 9.500000000036238, 0, 0, 0, 0, 0, 0, 0, 0, 0, -151.5, 0, -151.5, 1486, 0, 0, 0, 1486, -151.5, 0, 0, 0, 0, 0, 0, 0, 0, 0, 0, 0, 1486, 0, 0, 0, 0, 0, 1334.5, 0, 0, 0, 0, -151.5, 0, 0, 0, 0, 0, 0, 1486, 0, 0, 0, -151.5, 0, 0, 0, 1486, 0, 0, 0, -151.5, 0, -151.5, 0, 0, 0, 0, 0, 0, 0, -303.0, 1183.0, 0, 0, 0, 0, 0, -151.5, 0, 0, -151.5, 0, 1334.5, 0, 0, 0, 0, 0, 0, 0, 0, 0, 0, 0, 1334.5, 0, 0, 0, 0, 0, 0, 0, 0, 0, 0, 0, -151.5, 0, 0, 0, 0, 0, 0, -151.5, 0, 0, 0, 0, -151.5, 0, 0, 0, 0, 0, 0, -151.5, 0, -151.5, -151.5, 0, 0, -151.5, 0, 0, -151.5, 0, -151.5, 0, 0, 0, 573.5000000000185, 0]
Sharpe Ratio: 0.113
Annualized Sharpe: 1.798
Sharpe 95% CI: (np.float64(0.189), np.float64(3.016))
Daily Win Rate (%): 27.12
Max Drawdown: -2408.0
Profit Factor: 2.279
Expectancy: 31.751
Trades Per Month (Global): 7.416666666666667
Total Days: 293

Rolling 4 - Variant 1 - 10_12 - Test Metrics
Trade Returns: [-151.5, 236.00000000002797, -151.5, -151.5, 261.00000000002524, -151.5, -151.5, -151.5, -151.5, -151.5, -151.5, 361.0000000000142, -151.5, -151.5, -151.5, -151.5, -151.5, -151.5, -151.5, -151.5, -151.5, -151.5, -151.5, -151.5, 1486, -151.5, -151.5, -151.5, -151.5, 1486, -151.5, -151.5, -151.5, -151.5, -151.5, -151.5, -151.5, 161.00000000003624, -151.5, -151.5, 1486, 1486, -151.5, 1486, 1486, -151.5, -151.5, 1486, -151.5, 1486, -151.5, -151.5, -151.5, -151.5, 1486, -151.5, -151.5, -151.5, -151.5, 1486, -151.5, 1486, -151.5, -151.5, -151.5, -151.5, -151.5, -151.5, -151.5, -151.5, -151.5, -151.5, 573.5000000000185, -151.5, -151.5, -151.5, -151.5, -151.5, 860.9999999999592, 286.00000000002245, -151.5, -151.5, 285.999999999967, -151.5, -151.5, 798.4999999999937, 411.0000000000087, -151.5, 1486]
Daily Returns: [0, -151.5, 0, 0, -151.5, 0, 0, 0, 0, -151.5, -151.5, -151.5, 1146.9999999999816, 0, 0, 0, 0, 0, 0, 0, -151.5, 0, 0, 0, 0, -151.5, 0, 0, 134.49999999996697, 0, 0, 0, -151.5, 0, 0, 0, 0, 0, 798.4999999999937, 0, 0, 0, 0, 0, 0, 0, 0, 0, 0, 411.0000000000087, -151.5, 1486, 0, 0, 0, 0, 0, 0]
Sharpe Ratio: 0.162
Annualized Sharpe: 2.564
Sharpe 95% CI: (np.float64(-3.07), np.float64(5.054))
Daily Win Rate (%): 35.71
Max Drawdown: -757.5
Profit Factor: 2.917
Expectancy: 45.06
Trades Per Month (Global): 7.416666666666667
Total Days: 58



Rolling 4 - Variant 2 - 10_5 - Fit Metrics
Trade Returns: [-151.5, 236.00000000002797, -151.5, -151.5, 261.00000000002524, -151.5, 611, -151.5, -151.5, -151.5, -151.5, 611, -151.5, -151.5, -151.5, -151.5, -151.5, -151.5, 611, -151.5, -151.5, -151.5, -151.5, -151.5, 611, -151.5, -151.5, -151.5, -151.5, 611, -151.5, -151.5, -151.5, -151.5, -151.5, -151.5, 611, 161.00000000003624, 611, -151.5, 611, 611, -151.5, 611, 611, -151.5, -151.5, 611, -151.5, 611, 611, 611, -151.5, -151.5, 611, -151.5, -151.5, -151.5, 611, 611, -151.5, 611, -151.5, -151.5, -151.5, -151.5, -151.5, -151.5, -151.5, -151.5, -151.5, -151.5, 611, -151.5, -151.5, -151.5, -151.5, -151.5, 611, 286.00000000002245, -151.5, -151.5, 611, -151.5, 611, 611, 611, -151.5, 611]
Daily Returns: [-151.5, 236.00000000002797, 0, -303.0, 0, 0, 0, 0, 0, 0, 0, 0, 0, 0, 0, 0, 0, 0, 0, 0, 0, 0, 0, 0, 0, 0, 0, 0, 0, 109.50000000002524, 611, 0, 0, 0, 0, 0, 0, -151.5, 0, 0, 0, 0, 0, 0, 0, 0, 0, 0, -151.5, 0, 0, 0, 0, 0, -151.5, -151.5, 0, 611, 0, -151.5, 0, 0, -151.5, 0, 0, 0, -151.5, 0, 0, 0, 0, -151.5, -151.5, 0, 0, 0, 0, 0, 0, 0, 0, 0, 0, -151.5, 0, 0, 0, 0, 0, 611, -151.5, 0, 0, 0, 0, 0, -151.5, 0, 0, 0, 0, -151.5, 0, 0, 0, 0, 0, 0, -151.5, 0, 0, 0, 0, 0, 0, -151.5, 0, 0, 0, 0, 0, 459.5, 0, 0, 0, 0, 0, 0, 0, 0, 0, 0, 0, 0, -454.5, 0, 0, 0, 459.5, 0, 0, -151.5, 0, 0, 0, 0, 0, -151.5, 0, -303.0, -151.5, 772.0000000000363, 0, 0, 0, 0, 0, 0, 0, 0, 0, 611, 0, -151.5, 611, 0, 0, 0, 611, -151.5, 0, 0, 0, 0, 0, 0, 0, 0, 0, 0, 0, 611, 0, 0, 0, 0, 0, 459.5, 0, 0, 0, 0, -151.5, 0, 0, 0, 0, 0, 0, 611, 0, 0, 0, -151.5, 0, 0, 0, 611, 0, 0, 0, 611, 0, 611, 0, 0, 0, 0, 0, 0, 0, -303.0, 308.0, 0, 0, 0, 0, 0, -151.5, 0, 0, 611, 0, 459.5, 0, 0, 0, 0, 0, 0, 0, 0, 0, 0, 0, 459.5, 0, 0, 0, 0, 0, 0, 0, 0, 0, 0, 0, -151.5, 0, 0, 0, 0, 0, 0, -151.5, 0, 0, 0, 0, -151.5, 0, 0, 0, 0, 0, 0, -151.5, 0, -151.5, -151.5, 0, 0, -151.5, 0, 0, -151.5, 0, -151.5, 0, 0, 0, 611, 0]
Sharpe Ratio: 0.111
Annualized Sharpe: 1.757
Sharpe 95% CI: (np.float64(0.044), np.float64(3.22))
Daily Win Rate (%): 37.29
Max Drawdown: -1363.5
Profit Factor: 1.833
Expectancy: 18.099
Trades Per Month (Global): 7.416666666666667
Total Days: 293

Rolling 4 - Variant 2 - 10_5 - Test Metrics
Trade Returns: [-151.5, 236.00000000002797, -151.5, -151.5, 261.00000000002524, -151.5, 611, -151.5, -151.5, -151.5, -151.5, 611, -151.5, -151.5, -151.5, -151.5, -151.5, -151.5, 611, -151.5, -151.5, -151.5, -151.5, -151.5, 611, -151.5, -151.5, -151.5, -151.5, 611, -151.5, -151.5, -151.5, -151.5, -151.5, -151.5, 611, 161.00000000003624, 611, -151.5, 611, 611, -151.5, 611, 611, -151.5, -151.5, 611, -151.5, 611, 611, 611, -151.5, -151.5, 611, -151.5, -151.5, -151.5, 611, 611, -151.5, 611, -151.5, -151.5, -151.5, -151.5, -151.5, -151.5, -151.5, -151.5, -151.5, -151.5, 611, -151.5, -151.5, -151.5, -151.5, -151.5, 611, 286.00000000002245, -151.5, -151.5, 611, -151.5, 611, 611, 611, -151.5, 611]
Daily Returns: [0, -151.5, 0, 0, -151.5, 0, 0, 0, 0, -151.5, -151.5, -151.5, 897.0000000000225, 0, 0, 0, 0, 0, 0, 0, -151.5, 0, 0, 0, 0, -151.5, 0, 0, 459.5, 0, 0, 0, 611, 0, 0, 0, 0, 0, 611, 0, 0, 0, 0, 0, 0, 0, 0, 0, 0, 611, -151.5, 611, 0, 0, 0, 0, 0, 0]
Sharpe Ratio: 0.21
Annualized Sharpe: 3.332
Sharpe 95% CI: (np.float64(-0.613), np.float64(6.172))
Daily Win Rate (%): 42.86
Max Drawdown: -757.5
Profit Factor: 3.136
Expectancy: 44.629
Trades Per Month (Global): 7.416666666666667
Total Days: 58



Rolling 4 - Variant 3 - 10_6 - Fit Metrics
Trade Returns: [-151.5, 236.00000000002797, -151.5, -151.5, 261.00000000002524, -151.5, -151.5, -151.5, -151.5, -151.5, -151.5, 736, -151.5, -151.5, -151.5, -151.5, -151.5, -151.5, 736, -151.5, -151.5, -151.5, -151.5, -151.5, 736, -151.5, -151.5, -151.5, -151.5, 736, -151.5, -151.5, -151.5, -151.5, -151.5, -151.5, 736, 161.00000000003624, -151.5, -151.5, 736, 736, -151.5, 736, 736, -151.5, -151.5, 736, -151.5, 736, 736, 736, -151.5, -151.5, 736, -151.5, -151.5, -151.5, 736, 736, -151.5, 736, -151.5, -151.5, -151.5, -151.5, -151.5, -151.5, -151.5, -151.5, -151.5, -151.5, 573.5000000000185, -151.5, -151.5, -151.5, -151.5, -151.5, 736, 286.00000000002245, -151.5, -151.5, 736, -151.5, -151.5, 736, 736, -151.5, 736]
Daily Returns: [-151.5, 236.00000000002797, 0, -303.0, 0, 0, 0, 0, 0, 0, 0, 0, 0, 0, 0, 0, 0, 0, 0, 0, 0, 0, 0, 0, 0, 0, 0, 0, 0, 109.50000000002524, -151.5, 0, 0, 0, 0, 0, 0, -151.5, 0, 0, 0, 0, 0, 0, 0, 0, 0, 0, -151.5, 0, 0, 0, 0, 0, -151.5, -151.5, 0, 736, 0, -151.5, 0, 0, -151.5, 0, 0, 0, -151.5, 0, 0, 0, 0, -151.5, -151.5, 0, 0, 0, 0, 0, 0, 0, 0, 0, 0, -151.5, 0, 0, 0, 0, 0, 736, -151.5, 0, 0, 0, 0, 0, -151.5, 0, 0, 0, 0, -151.5, 0, 0, 0, 0, 0, 0, -151.5, 0, 0, 0, 0, 0, 0, -151.5, 0, 0, 0, 0, 0, 584.5, 0, 0, 0, 0, 0, 0, 0, 0, 0, 0, 0, 0, -454.5, 0, 0, 0, 584.5, 0, 0, -151.5, 0, 0, 0, 0, 0, -151.5, 0, -303.0, -151.5, 897.0000000000363, 0, 0, 0, 0, 0, 0, 0, 0, 0, -151.5, 0, -151.5, 736, 0, 0, 0, 736, -151.5, 0, 0, 0, 0, 0, 0, 0, 0, 0, 0, 0, 736, 0, 0, 0, 0, 0, 584.5, 0, 0, 0, 0, -151.5, 0, 0, 0, 0, 0, 0, 736, 0, 0, 0, -151.5, 0, 0, 0, 736, 0, 0, 0, 736, 0, 736, 0, 0, 0, 0, 0, 0, 0, -303.0, 433.0, 0, 0, 0, 0, 0, -151.5, 0, 0, 736, 0, 584.5, 0, 0, 0, 0, 0, 0, 0, 0, 0, 0, 0, 584.5, 0, 0, 0, 0, 0, 0, 0, 0, 0, 0, 0, -151.5, 0, 0, 0, 0, 0, 0, -151.5, 0, 0, 0, 0, -151.5, 0, 0, 0, 0, 0, 0, -151.5, 0, -151.5, -151.5, 0, 0, -151.5, 0, 0, -151.5, 0, -151.5, 0, 0, 0, 573.5000000000185, 0]
Sharpe Ratio: 0.11
Annualized Sharpe: 1.745
Sharpe 95% CI: (np.float64(0.05), np.float64(3.154))
Daily Win Rate (%): 33.9
Max Drawdown: -1363.5
Profit Factor: 1.88
Expectancy: 20.019
Trades Per Month (Global): 7.416666666666667
Total Days: 293

Rolling 4 - Variant 3 - 10_6 - Test Metrics
Trade Returns: [-151.5, 236.00000000002797, -151.5, -151.5, 261.00000000002524, -151.5, -151.5, -151.5, -151.5, -151.5, -151.5, 736, -151.5, -151.5, -151.5, -151.5, -151.5, -151.5, 736, -151.5, -151.5, -151.5, -151.5, -151.5, 736, -151.5, -151.5, -151.5, -151.5, 736, -151.5, -151.5, -151.5, -151.5, -151.5, -151.5, 736, 161.00000000003624, -151.5, -151.5, 736, 736, -151.5, 736, 736, -151.5, -151.5, 736, -151.5, 736, 736, 736, -151.5, -151.5, 736, -151.5, -151.5, -151.5, 736, 736, -151.5, 736, -151.5, -151.5, -151.5, -151.5, -151.5, -151.5, -151.5, -151.5, -151.5, -151.5, 573.5000000000185, -151.5, -151.5, -151.5, -151.5, -151.5, 736, 286.00000000002245, -151.5, -151.5, 736, -151.5, -151.5, 736, 736, -151.5, 736]
Daily Returns: [0, -151.5, 0, 0, -151.5, 0, 0, 0, 0, -151.5, -151.5, -151.5, 1022.0000000000225, 0, 0, 0, 0, 0, 0, 0, -151.5, 0, 0, 0, 0, -151.5, 0, 0, 584.5, 0, 0, 0, -151.5, 0, 0, 0, 0, 0, 736, 0, 0, 0, 0, 0, 0, 0, 0, 0, 0, 736, -151.5, 736, 0, 0, 0, 0, 0, 0]
Sharpe Ratio: 0.181
Annualized Sharpe: 2.87
Sharpe 95% CI: (np.float64(-1.506), np.float64(5.696))
Daily Win Rate (%): 35.71
Max Drawdown: -757.5
Profit Factor: 2.798
Expectancy: 42.259
Trades Per Month (Global): 7.416666666666667
Total Days: 58



Rolling 4 - Variant 4 - 10_10 - Fit Metrics
Trade Returns: [-151.5, 236.00000000002797, -151.5, -151.5, 261.00000000002524, -151.5, -151.5, -151.5, -151.5, -151.5, -151.5, 1236, -151.5, -151.5, -151.5, -151.5, -151.5, -151.5, -151.5, -151.5, -151.5, -151.5, -151.5, -151.5, 1236, -151.5, -151.5, -151.5, -151.5, 1236, -151.5, -151.5, -151.5, -151.5, -151.5, -151.5, -151.5, 161.00000000003624, -151.5, -151.5, 1236, 1236, -151.5, 1236, 1236, -151.5, -151.5, 1236, -151.5, 1236, -151.5, -151.5, -151.5, -151.5, 1236, -151.5, -151.5, -151.5, -151.5, 1236, -151.5, 1236, -151.5, -151.5, -151.5, -151.5, -151.5, -151.5, -151.5, -151.5, -151.5, -151.5, 573.5000000000185, -151.5, -151.5, -151.5, -151.5, -151.5, 860.9999999999592, 286.00000000002245, -151.5, -151.5, 285.999999999967, -151.5, -151.5, 798.4999999999937, 411.0000000000087, -151.5, 1236]
Daily Returns: [-151.5, 236.00000000002797, 0, -303.0, 0, 0, 0, 0, 0, 0, 0, 0, 0, 0, 0, 0, 0, 0, 0, 0, 0, 0, 0, 0, 0, 0, 0, 0, 0, 109.50000000002524, -151.5, 0, 0, 0, 0, 0, 0, -151.5, 0, 0, 0, 0, 0, 0, 0, 0, 0, 0, -151.5, 0, 0, 0, 0, 0, -151.5, -151.5, 0, 1236, 0, -151.5, 0, 0, -151.5, 0, 0, 0, -151.5, 0, 0, 0, 0, -151.5, -151.5, 0, 0, 0, 0, 0, 0, 0, 0, 0, 0, -151.5, 0, 0, 0, 0, 0, -151.5, -151.5, 0, 0, 0, 0, 0, -151.5, 0, 0, 0, 0, -151.5, 0, 0, 0, 0, 0, 0, -151.5, 0, 0, 0, 0, 0, 0, -151.5, 0, 0, 0, 0, 0, 1084.5, 0, 0, 0, 0, 0, 0, 0, 0, 0, 0, 0, 0, -454.5, 0, 0, 0, 1084.5, 0, 0, -151.5, 0, 0, 0, 0, 0, -151.5, 0, -303.0, -151.5, 9.500000000036238, 0, 0, 0, 0, 0, 0, 0, 0, 0, -151.5, 0, -151.5, 1236, 0, 0, 0, 1236, -151.5, 0, 0, 0, 0, 0, 0, 0, 0, 0, 0, 0, 1236, 0, 0, 0, 0, 0, 1084.5, 0, 0, 0, 0, -151.5, 0, 0, 0, 0, 0, 0, 1236, 0, 0, 0, -151.5, 0, 0, 0, 1236, 0, 0, 0, -151.5, 0, -151.5, 0, 0, 0, 0, 0, 0, 0, -303.0, 933.0, 0, 0, 0, 0, 0, -151.5, 0, 0, -151.5, 0, 1084.5, 0, 0, 0, 0, 0, 0, 0, 0, 0, 0, 0, 1084.5, 0, 0, 0, 0, 0, 0, 0, 0, 0, 0, 0, -151.5, 0, 0, 0, 0, 0, 0, -151.5, 0, 0, 0, 0, -151.5, 0, 0, 0, 0, 0, 0, -151.5, 0, -151.5, -151.5, 0, 0, -151.5, 0, 0, -151.5, 0, -151.5, 0, 0, 0, 573.5000000000185, 0]
Sharpe Ratio: 0.104
Annualized Sharpe: 1.644
Sharpe 95% CI: (np.float64(-0.045), np.float64(2.912))
Daily Win Rate (%): 27.12
Max Drawdown: -1818.0
Profit Factor: 2.021
Expectancy: 25.352
Trades Per Month (Global): 7.416666666666667
Total Days: 293

Rolling 4 - Variant 4 - 10_10 - Test Metrics
Trade Returns: [-151.5, 236.00000000002797, -151.5, -151.5, 261.00000000002524, -151.5, -151.5, -151.5, -151.5, -151.5, -151.5, 1236, -151.5, -151.5, -151.5, -151.5, -151.5, -151.5, -151.5, -151.5, -151.5, -151.5, -151.5, -151.5, 1236, -151.5, -151.5, -151.5, -151.5, 1236, -151.5, -151.5, -151.5, -151.5, -151.5, -151.5, -151.5, 161.00000000003624, -151.5, -151.5, 1236, 1236, -151.5, 1236, 1236, -151.5, -151.5, 1236, -151.5, 1236, -151.5, -151.5, -151.5, -151.5, 1236, -151.5, -151.5, -151.5, -151.5, 1236, -151.5, 1236, -151.5, -151.5, -151.5, -151.5, -151.5, -151.5, -151.5, -151.5, -151.5, -151.5, 573.5000000000185, -151.5, -151.5, -151.5, -151.5, -151.5, 860.9999999999592, 286.00000000002245, -151.5, -151.5, 285.999999999967, -151.5, -151.5, 798.4999999999937, 411.0000000000087, -151.5, 1236]
Daily Returns: [0, -151.5, 0, 0, -151.5, 0, 0, 0, 0, -151.5, -151.5, -151.5, 1146.9999999999816, 0, 0, 0, 0, 0, 0, 0, -151.5, 0, 0, 0, 0, -151.5, 0, 0, 134.49999999996697, 0, 0, 0, -151.5, 0, 0, 0, 0, 0, 798.4999999999937, 0, 0, 0, 0, 0, 0, 0, 0, 0, 0, 411.0000000000087, -151.5, 1236, 0, 0, 0, 0, 0, 0]
Sharpe Ratio: 0.158
Annualized Sharpe: 2.513
Sharpe 95% CI: (np.float64(-3.07), np.float64(5.085))
Daily Win Rate (%): 35.71
Max Drawdown: -757.5
Profit Factor: 2.733
Expectancy: 40.75
Trades Per Month (Global): 7.416666666666667
Total Days: 58

